2
1
2
20
20
8.05065585933108e-39
-7.626219370068664e-39
-0.01626988872885704
-0.023401346057653427
0.24212758243083954
0.7020282745361328
-0.0013936974573880434
-0.003306496189907193
0.002448991872370243
0.011922653764486313
-0.12438543885946274
0.17875078320503235
-0.0049880980513989925
0.05195323005318642
0.1762782484292984
-1.1338697608484438e-38
-5.4528026493039444e-39
-0.0002783833188004792
-0.09059155732393265
0.23424938321113586
0.015369369648396969
0.012874479405581951
-0.13444925844669342
0.19327415525913239
-0.05561210215091705
0.14366985857486725
0.009431261569261551
-0.044460322707891464
0.11488846689462662
0.0075476039201021194
-0.010194971226155758
-0.02441357634961605
0.018245544284582138
0.010692620649933815
-0.11153774708509445
0.16037265956401825
0.02896374836564064
-0.3016788959503174
0.43066346645355225
-0.06496523320674896
0.16796337068080902
0.011020604521036148
-0.005117620807141066
-0.012099729850888252
0.00905214436352253
-0.008397114463150501
-0.01941683143377304
0.014408709481358528
0.002566010458394885
-0.02673954702913761
0.03847610950469971
-0.0784187763929367
0.20271995663642883
0.01330090407282114
-0.0023958720266819
-0.005557903088629246
0.004105464089661837
0.012237057089805603
-0.12662474811077118
2.0132501125335693
5.035674256956512e-29
0.0005246993969194591
-7.835882570361719e-06
-0.0002782499650493264
0.0001156469079433009
-2.120249767117293e-19
0.0005693285493180156
-0.00029996110242791474
0.00034925146610476077
0.00026870344299823046
-5.82062712055631e-05
-0.00025215453933924437
-0.0006638671038672328
0.00038114344351924956
-2.8818993087043054e-05
-4.8189172957791016e-05
-5.921863703406416e-05
0.0004831550468225032
-1.3205405593907926e-05
-0.0002978985430672765
0.06042267382144928
-9.075461860051891e-39
3.896656500775842e-39
8.915314465056529e-39
3.077616286817353e-11
-9.43409897862347e-39
-4.095827064479725e-27
1.4852386545125485e-26
-1.1399121598266125e-38
-9.400116969537908e-12
-1.1138281099519774e-38
-1.4032364601009783e-39
-3.788219612564706e-18
-1.0725976039732097e-19
5.5560909578108624e-39
-9.921603707869752e-39
-7.717951058036418e-37
-2.4089663819432603e-22
2.5852198801546552e-20
8.661633200164414e-39
-1.1872990091088553e-10
-0.13975518941879272
9.453201479289146e-39
-0.10919120162725449
0.001536262920126319
0.05553973466157913
-0.023199813440442085
-6.641854272381722e-16
-0.1125398650765419
0.06041673943400383
-0.06927511096000671
-0.05527900904417038
0.01141382660716772
0.049964409321546555
0.1345791220664978
-0.08136638253927231
0.005736237391829491
0.009856093674898148
0.01196974329650402
-0.09700046479701996
0.0030374962370842695
0.05708526819944382
0.15868312120437622
1.4244884458342276e-32
-0.08659068495035172
0.0012495002010837197
0.04422084987163544
-0.018451282754540443
1.1750485736608963e-14
-0.08898851275444031
0.04793849587440491
-0.05488469451665878
-0.04396388307213783
0.010908639058470726
0.039625849574804306
0.10683714598417282
-0.06366320699453354
0.005475538317114115
0.007299643941223621
0.009485796093940735
-0.07712964713573456
0.0022364116739481688
0.04546291008591652
0.1214289516210556
5.893660955269782e-39
-0.046427201479673386
0.000646255852188915
0.023818545043468475
-0.009827494621276855
1.2456652953824205e-27
-0.0474751852452755
0.025789108127355576
-0.02916775271296501
-0.02344498038291931
0.004754503257572651
0.021404089406132698
0.0573418103158474
-0.03412012383341789
0.0025997941847890615
0.004532618913799524
0.005122092552483082
-0.041235554963350296
0.0012342177797108889
0.024136919528245926
0.06737270206212997
2.035220980641961e-33
-0.253577321767807
0.0035630918573588133
0.13024169206619263
-0.05412902683019638
3.0515809063685895e-12
-0.26016002893447876
0.1403084546327591
-0.16033105552196503
-0.12780888378620148
0.031788911670446396
0.11670423299074173
0.3153645992279053
-0.18747057020664215
0.013042245991528034
0.021082250401377678
0.028029106557369232
-0.22524650394916534
0.006042903289198875
0.13210129737854004
0.37444883584976196
7.301558134063105e-39
-0.7120126485824585
0.011675665155053139
0.37045416235923767
-0.15424133837223053
8.67024777807165e-23
-0.7454138398170471
0.3978596329689026
-0.45496582984924316
-0.36422139406204224
0.07897176593542099
0.3316027820110321
0.8977554440498352
-0.5329111218452454
0.045618925243616104
0.06896542012691498
0.07975425571203232
-0.6436038613319397
0.019077857956290245
0.38053587079048157
1.0014832019805908
-4.781635241972665e-15
0.657791018486023
-0.011799467727541924
-0.3256556987762451
0.14064258337020874
1.837595846154727e-06
0.6776842474937439
-0.353446900844574
0.41459891200065613
0.3397102355957031
-0.07504068315029144
-0.29370546340942383
-0.7916468977928162
0.49022528529167175
-0.03659653663635254
-0.06139650195837021
-0.07037466019392014
0.5890045762062073
-0.017312608659267426
-0.29236865043640137
1.2724963426589966
-1.0874132135099153e-38
0.6176317930221558
-0.008618407882750034
-0.31590256094932556
0.132581427693367
2.591930836626233e-10
0.6358842253684998
-0.34192848205566406
0.3929002285003662
0.3125869929790497
-0.07163096219301224
-0.28351467847824097
-0.7653829455375671
0.45765385031700134
-0.03245146572589874
-0.05171522498130798
-0.06762146949768066
0.5549664497375488
-0.015428987331688404
-0.3067103624343872
1.3952593803405762
-1.178995567840957e-08
-0.9997290372848511
0.01670537330210209
0.5237398147583008
-0.21385666728019714
-8.582185517802543e-10
-1.062352180480957
0.5670350193977356
-0.6501798033714294
-0.5181185603141785
0.1254708170890808
0.46998628973960876
1.2700713872909546
-0.7593950033187866
0.06374555826187134
0.10036252439022064
0.11247675120830536
-0.9173753261566162
0.029963936656713486
0.5685534477233887
1.1746896505355835
3.3214176873813295e-17
0.3168587386608124
-0.0053785452619194984
-0.1597660928964615
0.06776601821184158
-4.9056587034947835e-23
0.3254866898059845
-0.172255277633667
0.19985602796077728
0.15933258831501007
-0.03359058499336243
-0.14289520680904388
-0.3876008093357086
0.23328058421611786
-0.01672343909740448
-0.030539903789758682
-0.03417715057730675
0.28211161494255066
-0.009104934521019459
-0.15078116953372955
0.6680930852890015
3.74151483129026e-08
0.43902406096458435
-0.006672292482107878
-0.22228007018566132
0.09469842910766602
-2.17220473525664e-34
0.45125043392181396
-0.24219068884849548
0.2800047695636749
0.22105371952056885
-0.050061728805303574
-0.19949957728385925
-0.5437071919441223
0.3240374028682709
-0.024550996720790863
-0.03964206948876381
-0.048069410026073456
0.3915087878704071
-0.011494578793644905
-0.2188379466533661
0.9962126612663269
-6.16361302274715e-12
-0.0020107037853449583
3.122118869214319e-05
0.001034096465446055
-0.0004296618571970612
-1.0126573035545007e-38
-0.0020600012503564358
0.0011182681191712618
-0.00126816111151129
-0.0010085651883855462
0.00021414140064734966
0.0009285068372264504
0.0025100051425397396
-0.0014761072816327214
0.00010184648999711499
0.0001657017128309235
0.00022233986237552017
-0.001783536747097969
4.682719736592844e-05
0.0010566669516265392
0.0027587588410824537
2.036068989613484e-33
-0.32699355483055115
0.0048397257924079895
0.1687500923871994
-0.07034728676080704
3.1518858296985044e-15
-0.33615005016326904
0.1822034865617752
-0.20821945369243622
-0.16508550941944122
0.03405889496207237
0.15103140473365784
0.4088806211948395
-0.24094580113887787
0.019466880708932877
0.028304221108555794
0.03608892112970352
-0.2917574942111969
0.008081598207354546
0.17129524052143097
0.4652651846408844
6.77516456983488e-39
-0.1779409646987915
0.002819378860294819
0.09153588861227036
-0.038087837398052216
-6.031291147437221e-20
-0.18239010870456696
0.09868502616882324
-0.1118367612361908
-0.08962209522724152
0.019174637272953987
0.08214269578456879
0.2217894196510315
-0.13092531263828278
0.0101392213255167
0.014575834386050701
0.019405541941523552
-0.15770527720451355
0.004163580480962992
0.09295511990785599
0.25200265645980835
-2.4399106815735666e-22
0.40440237522125244
-0.006196562200784683
-0.20595145225524902
0.08676574379205704
1.609918117871298e-13
0.4164818525314331
-0.221013143658638
0.25943025946617126
0.20440058410167694
-0.04595693200826645
-0.18453393876552582
-0.5000271797180176
0.29877200722694397
-0.021106889471411705
-0.03650994971394539
-0.0441407635807991
0.360104501247406
-0.01093774288892746
-0.20147892832756042
0.9134926795959473
1.1702126508067847e-15
-0.6562024354934692
0.010552526451647282
0.33896321058273315
-0.14100800454616547
5.310150565769517e-20
-0.6814424991607666
0.3652834892272949
-0.4183467626571655
-0.33378511667251587
0.07794572412967682
0.3017624020576477
0.8214308023452759
-0.48887139558792114
0.037064362317323685
0.065314382314682
0.07289417833089828
-0.5894792079925537
0.01676315627992153
0.34987860918045044
0.9358252882957458
7.667857234577857e-14
0.2383335381746292
-0.003983519040048122
-0.12081404775381088
0.051335252821445465
-9.391785370194718e-39
0.24624307453632355
-0.13076457381248474
0.15018509328365326
0.11990216374397278
-0.030552837997674942
-0.10891775041818619
-0.29397767782211304
0.1759718805551529
-0.013547091744840145
-0.023170139640569687
-0.025887969881296158
0.21175053715705872
-0.00653507374227047
-0.11985237896442413
0.5479114055633545
1.8329461559662974e-10
-0.18521623313426971
0.00319756125099957
0.09576858580112457
-0.03940712288022041
4.463676755386175e-16
-0.19191724061965942
0.10333143174648285
-0.11889249831438065
-0.09443425387144089
0.02098831720650196
0.08573516458272934
0.23320433497428894
-0.13779346644878387
0.010059885680675507
0.018998147919774055
0.02064954675734043
-0.16612158715724945
0.004832884296774864
0.1003846824169159
0.23166023194789886
-9.238977976555489e-39
-8.673042572260947e-40
-2.846855374051896e-14
-2.6886071147202983e-10
6.405681401149427e-39
7.491372418846687e-39
1.527873248079001e-22
-9.962066201027131e-39
-5.1807171020604864e-14
-2.4020500603544637e-31
-1.0361790791871178e-38
-8.51783243547774e-14
-5.3528312142620833e-39
8.705834357624612e-39
-7.438520523009914e-15
-9.349506794227574e-39
-2.113160991676355e-12
-1.1107934579976356e-38
8.220673147729982e-25
-9.926644178445928e-39
0.0
-0.0001948536082636565
-8.987308976258145e-39
0.03698628023266792
0.02934602089226246
0.015710098668932915
0.08605502545833588
0.2445717602968216
-0.22052811086177826
-0.2099330723285675
0.3478555977344513
-0.10668889433145523
-0.1488679200410843
0.0006823752773925662
0.11132679879665375
0.060379207134246826
-0.13711422681808472
0.2244105041027069
-0.08073496073484421
0.06346150487661362
8.396901295582634e-39
-0.5479558706283569
0.0
4.0
