2
1
2
20
20
0.016742385923862457
-0.07614318281412125
0.03794009983539581
-0.008569790050387383
0.03941676393151283
-0.01568247750401497
-0.0012301485985517502
0.005880028009414673
0.07603774964809418
-0.0011905897408723831
0.0057128965854644775
0.07808659225702286
-0.0024917537812143564
0.011603721417486668
-0.014973076991736889
0.011332741007208824
-0.051928382366895676
0.023847267031669617
0.005518152378499508
-0.025543347001075745
0.003598760114982724
0.008102541789412498
-0.037285178899765015
0.014248305931687355
0.00020259908342268318
-0.0011271279072389007
-0.2598910629749298
-0.0008967797621153295
0.004374098032712936
-0.044957298785448074
0.0014745990047231317
-0.006833283696323633
-0.04098905995488167
-0.008463749662041664
0.03893237188458443
-0.015505392104387283
0.00039059168193489313
-0.0017827673582360148
0.10839157551527023
0.0027298699133098125
-0.012729821726679802
0.008806155063211918
-0.016861900687217712
0.076689213514328
-0.037892624735832214
-0.002058454556390643
0.00964274350553751
0.011065502651035786
0.015272914431989193
-0.06957995146512985
0.034076932817697525
0.011969185434281826
-0.05477326363325119
0.025781016796827316
0.011332111433148384
-0.05192875862121582
0.02392796240746975
0.012013254687190056
-0.054984040558338165
0.025986215099692345
0.33648839592933655
-0.1743669956922531
-0.026136012747883797
-0.02506173774600029
-0.05134177207946777
0.2293991595506668
0.1125558391213417
0.1645209789276123
0.0047986325807869434
-0.019294114783406258
0.030428247526288033
-0.17200756072998047
0.008290551602840424
0.056122105568647385
-0.33871304988861084
-0.04247783496975899
0.30735382437705994
0.2418426275253296
0.2298431247472763
0.2431156039237976
0.011224537156522274
0.29859334230422974
-0.15301497280597687
-0.023256100714206696
-0.022317655384540558
-0.04510300233960152
0.204903706908226
0.10160118341445923
0.14575481414794922
0.004119324032217264
-0.01711397059261799
0.02723046764731407
-0.15520748496055603
0.007347586564719677
0.04928797855973244
-0.3048517405986786
-0.03767644613981247
0.2733585238456726
0.21486933529376984
0.2049894779920578
0.21904133260250092
0.009314150549471378
0.9789860844612122
-0.5047651529312134
-0.07587108016014099
-0.07301399856805801
-0.14910423755645752
0.6668592691421509
0.327577143907547
0.477634996175766
0.015281600877642632
-0.05538859963417053
0.08822739869356155
-0.5002423524856567
0.023817110806703568
0.16255323588848114
-0.9850172996520996
-0.12325456738471985
0.8885394334793091
0.7035828828811646
0.6625019311904907
0.7030755877494812
0.03360410034656525
-1.0612703561782837
0.5483201742172241
0.08290252089500427
0.07943512499332428
0.16155116260051727
-0.7220699191093445
-0.3554210960865021
-0.5193755030632019
-0.016295257955789566
0.060640886425971985
-0.09605665504932404
0.541803777217865
-0.02575082704424858
-0.1769111305475235
1.0685886144638062
0.13392138481140137
-0.9689823389053345
-0.7633394598960876
-0.7239356637001038
-0.7665888071060181
-0.03626108169555664
0.9076502919197083
-0.4691828191280365
-0.07133204489946365
-0.06848140060901642
-0.13811121881008148
0.6178085207939148
0.30398619174957275
0.4442962110042572
0.014814267866313457
-0.05174216255545616
0.0820126160979271
-0.4643659293651581
0.02247108705341816
0.15101030468940735
-0.9143422842025757
-0.11452755331993103
0.8295845985412598
0.6542884111404419
0.6183186173439026
0.6548497676849365
0.03185173496603966
0.6162518262863159
-0.3184044361114502
-0.04782930761575699
-0.04654984921216965
-0.09428490698337555
0.4194558262825012
0.20593315362930298
0.3012067973613739
0.009447037242352962
-0.03514377772808075
0.055728573352098465
-0.31464314460754395
0.014835826121270657
0.10263215750455856
-0.6198590397834778
-0.0777120515704155
0.5628710985183716
0.4429073929786682
0.4198683202266693
0.4398684799671173
0.021735284477472305
-0.3357512354850769
0.1730707287788391
0.026145758107304573
0.02515025995671749
0.051645271480083466
-0.23059171438217163
-0.11263158172369003
-0.16539926826953888
-0.004736290313303471
0.019317781552672386
-0.030467895790934563
0.17068158090114594
-0.008296222425997257
-0.056190572679042816
0.339299738407135
0.04237940534949303
-0.3096029758453369
-0.24141265451908112
-0.22919027507305145
-0.24334250390529633
-0.011034931056201458
0.1704820990562439
-0.08824755996465683
-0.0131379971280694
-0.012615978717803955
-0.02599179930984974
0.11536096036434174
0.056633684784173965
0.0830618143081665
0.0022689381148666143
-0.009807568974792957
0.015357892960309982
-0.08718083053827286
0.004132350906729698
0.028372157365083694
-0.17126920819282532
-0.021524673327803612
0.1552235335111618
0.12230177223682404
0.11594104766845703
0.12280933558940887
0.002841932699084282
1.0436899662017822
-0.5406219363212585
-0.08148957788944244
-0.07826802134513855
-0.15871721506118774
0.7114835977554321
0.34955304861068726
0.5109905004501343
0.016707373782992363
-0.05971880629658699
0.0943685993552208
-0.5336119532585144
0.025126218795776367
0.17397527396678925
-1.0521196126937866
-0.13160884380340576
0.9544178247451782
0.7505618333816528
0.7118627429008484
0.7545056343078613
0.03598324581980705
-0.9524969458580017
0.4926987588405609
0.07410568743944168
0.07014681398868561
0.14451690018177032
-0.6465235352516174
-0.3170669376850128
-0.46371862292289734
-0.014905613847076893
0.05418878421187401
-0.08576716482639313
0.48370692133903503
-0.02294502966105938
-0.15913350880146027
0.9565172791481018
0.12024489790201187
-0.8668547868728638
-0.6828289031982422
-0.6452511548995972
-0.6854106187820435
-0.03282908722758293
0.6984636187553406
-0.36087214946746826
-0.05441002547740936
-0.052250124514102936
-0.1062539741396904
0.4743826389312744
0.23337411880493164
0.3411621153354645
0.010581807233393192
-0.03992820158600807
0.06309213489294052
-0.356332927942276
0.017175065353512764
0.11625585705041885
-0.7023641467094421
-0.08804711699485779
0.634985089302063
0.5016269683837891
0.47560831904411316
0.5026395320892334
0.024361245334148407
-0.9009187817573547
0.46639251708984375
0.07006851583719254
0.06758046895265579
0.13756413757801056
-0.6138638257980347
-0.3022668957710266
-0.43932783603668213
-0.013754813931882381
0.05153246596455574
-0.08152618259191513
0.4617196321487427
-0.022050555795431137
-0.1506478190422058
0.9094286561012268
0.11388349533081055
-0.8256781101226807
-0.6501926779747009
-0.6168507933616638
-0.646575391292572
-0.03108206018805504
-1.1424583196640015
0.5902994871139526
0.09096729755401611
0.08657341450452805
0.17453144490718842
-0.7808889746665955
-0.3816271126270294
-0.5575466156005859
-0.020067406818270683
0.06475931406021118
-0.10460034757852554
0.582876980304718
-0.02763826586306095
-0.19164597988128662
1.1542575359344482
0.14544357359409332
-1.048359751701355
-0.822731614112854
-0.780027449131012
-0.8266660571098328
-0.04006778821349144
0.3500056862831116
-0.17971372604370117
-0.027177361771464348
-0.026038601994514465
-0.053262535482645035
0.2379569262266159
0.11635005474090576
0.1709039807319641
0.0046487185172736645
-0.019918764010071754
0.03186658397316933
-0.17854660749435425
0.01414664089679718
0.0580233670771122
-0.3514710068702698
-0.04409610480070114
0.3191891014575958
0.24682459235191345
0.23813477158546448
0.25233566761016846
0.010223869234323502
-1.2681206464767456
0.6578831672668457
0.10037588328123093
0.09702562540769577
0.19432637095451355
-0.8674785494804382
-0.42618733644485474
-0.6236461400985718
-0.022474290803074837
0.07248251140117645
-0.11565891653299332
0.6479781866073608
-0.030499231070280075
-0.2112426459789276
1.276931643486023
0.16011659801006317
-1.1605242490768433
-0.9144155383110046
-0.8673223853111267
-0.9214227199554443
-0.04397556930780411
1.1346714496612549
-0.5867913365364075
-0.0890066921710968
-0.08539430052042007
-0.17289696633815765
0.7732455730438232
0.3794882297515869
0.5549009442329407
0.01856924593448639
-0.06480507552623749
0.10261423140764236
-0.580125629901886
0.027313292026519775
0.18919846415519714
-1.1428217887878418
-0.14306403696537018
1.036677360534668
0.8156388401985168
0.773910403251648
0.8188927173614502
0.039040833711624146
0.27863383293151855
-0.1443946361541748
-0.022325966507196426
-0.021151438355445862
-0.041287507861852646
0.1902167946100235
0.09347113221883774
0.13684380054473877
0.00445922464132309
-0.015495717525482178
0.025259768590331078
-0.13994503021240234
0.006374570541083813
0.04801415652036667
-0.28085100650787354
-0.035285770893096924
0.2596108019351959
0.19199727475643158
0.19041304290294647
0.20167383551597595
0.011079991236329079
0.7611295580863953
-0.39245209097862244
-0.05823797732591629
-0.05666672810912132
-0.11566869914531708
0.5172580480575562
0.2537514865398407
0.3711976706981659
0.011002975516021252
-0.05651967227458954
0.06911162286996841
-0.3877369463443756
0.018957365304231644
0.12649275362491608
-0.7642419338226318
-0.09577969461679459
0.6938318014144897
0.5458997488021851
0.5174269676208496
0.545769989490509
0.02536816895008087
0.06393077969551086
-0.03298569098114967
-0.004955157171934843
-0.004804616328328848
-0.00984766986221075
0.043568529188632965
0.021319884806871414
0.031170057132840157
0.0010224817087873816
-0.0036407362204045057
0.005780493374913931
-0.032598499208688736
0.001508955960161984
0.010686434805393219
-0.06371480971574783
-0.008023425936698914
0.058153823018074036
0.04567428678274155
0.043733276426792145
0.046083129942417145
0.006584980059415102
-0.6236002445220947
0.3221484422683716
0.049004703760147095
0.04776816442608833
0.09491594135761261
-0.42659634351730347
-0.21152424812316895
-0.30496686697006226
-0.010902363806962967
0.03319995477795601
-0.0556163489818573
0.31831565499305725
-0.01473958045244217
-0.10386274755001068
0.6276230812072754
0.0792907252907753
-0.5700158476829529
-0.44756004214286804
-0.42453816533088684
-0.4540865123271942
-0.02298056334257126
0.14599406719207764
0.13181908428668976
0.42689642310142517
-0.46360236406326294
0.39362555742263794
0.26688238978385925
-0.14719483256340027
0.07397423684597015
0.4557355046272278
-0.4113026559352875
0.30316704511642456
-0.39399418234825134
-0.496430903673172
0.151456817984581
-0.5552883148193359
0.49522140622138977
0.12106231600046158
0.3293353319168091
0.027782602235674858
-0.2695060074329376
-0.2586178183555603
0
4
