2
1
2
20
20
-0.010023225098848343
-0.4732740521430969
0.21214155852794647
-0.17259271442890167
-0.5836225152015686
-0.017702296376228333
-0.5793282985687256
-0.4160477817058563
0.26223504543304443
-0.6163827776908875
-0.41794607043266296
-0.19623924791812897
-0.49178391695022583
-0.37931251525878906
0.028182081878185272
-0.3899174928665161
0.9798170924186707
-0.505014181137085
0.3207058906555176
-0.11723868548870087
-0.006638462655246258
-0.191164031624794
-0.5801955461502075
-0.17115361988544464
0.15415139496326447
-0.2394532859325409
-0.1810472458600998
-0.2586291432380676
0.466338574886322
-0.18432672321796417
-0.21050383150577545
0.5421125888824463
0.08543261140584946
-0.3772253394126892
-0.6522318124771118
-0.025310726836323738
0.3370940387248993
0.15307413041591644
-0.07124043256044388
-0.09378008544445038
-0.17410175502300262
0.2582192122936249
0.057458434253931046
-0.44405364990234375
0.16789133846759796
0.33772921562194824
-0.21555157005786896
0.22432078421115875
0.3389264643192291
-0.5342697501182556
0.5181215405464172
-0.12175804376602173
-0.5131479501724243
0.38074904680252075
0.3661869466304779
0.2313174605369568
0.29771777987480164
-0.29038548469543457
0.5521528720855713
0.08651504665613174
-0.4435522258281708
-0.1952017843723297
0.11090521514415741
0.5313146114349365
0.36599233746528625
0.9337368011474609
-0.32799232006073
0.02856389991939068
-0.4413285553455353
0.10668335109949112
0.5066390037536621
0.4231623709201813
0.6304948329925537
-0.017316266894340515
0.41740912199020386
-1.0793207883834839
-1.9062854051589966
-0.48846253752708435
0.5335747599601746
0.18802443146705627
0.07309924811124802
0.20464253425598145
-0.04622731730341911
0.5081844329833984
0.5919668674468994
0.11279238760471344
-0.36322474479675293
-0.1350725293159485
-0.17577634751796722
-0.16238653659820557
-0.6862338185310364
-0.527799129486084
0.3644929826259613
-0.04090368375182152
0.09685008972883224
0.2682245969772339
0.2919929027557373
0.4431934654712677
0.02407003566622734
-0.0478895865380764
0.12155033648014069
0.24844104051589966
0.21397645771503448
0.43878719210624695
0.09182807803153992
0.10931563377380371
0.039005059748888016
-0.21022933721542358
-0.1020885705947876
-0.2622881829738617
0.174294576048851
0.07478546351194382
-0.38341909646987915
0.2751571834087372
0.1607847958803177
0.18808482587337494
0.22083140909671783
0.13339808583259583
0.04292157664895058
-0.09500542283058167
-0.05378809943795204
0.0793195515871048
0.1250028908252716
-0.05513868108391762
-0.23848991096019745
0.384670227766037
0.3296998143196106
0.38712525367736816
-1.032394289970398
0.06186806038022041
0.18416373431682587
-0.10787585377693176
-0.6830717921257019
-0.1259666085243225
0.1768084615468979
0.05272934213280678
0.8188063502311707
-0.07405305653810501
0.10782625526189804
0.5130327343940735
0.3101366460323334
0.12427999079227448
-0.30961549282073975
0.19255945086479187
0.03261429816484451
-0.013836201280355453
-0.29310473799705505
-0.11890222877264023
-0.12595462799072266
0.8907015919685364
0.16143140196800232
0.3007929027080536
-0.08219899982213974
0.489810049533844
-0.05256105959415436
-0.10518296808004379
-0.23468835651874542
-0.046465497463941574
0.0551934540271759
0.2082359492778778
-0.0032385466620326042
-0.056089870631694794
0.8102599382400513
0.6840166449546814
0.16318131983280182
0.3908894956111908
0.32963478565216064
-0.19948822259902954
0.3472292125225067
0.22337323427200317
-0.5024423599243164
0.22634257376194
-0.13348232209682465
-0.3122033178806305
-0.4321030080318451
-0.01902427338063717
0.4271099269390106
-0.09887181967496872
0.5211972594261169
0.39772358536720276
0.13373397290706635
0.08546984195709229
-0.013010741211473942
0.28477752208709717
-0.17210441827774048
0.12998682260513306
-0.021994085982441902
-0.25743091106414795
0.5191587805747986
0.3622279167175293
0.2860303521156311
-0.3286948800086975
-0.15144498646259308
0.37519171833992004
0.10871625691652298
0.0900942012667656
-0.12292183935642242
-0.13246174156665802
0.004165469203144312
-0.10562381148338318
0.005776573903858662
0.33967098593711853
0.14383092522621155
0.1539854258298874
-0.2225426286458969
-0.06896205991506577
0.19924533367156982
0.0788843184709549
0.28948017954826355
-0.3601873815059662
0.4477826654911041
0.022515304386615753
0.9225896000862122
-0.18399082124233246
0.07816798239946365
0.30627569556236267
0.46766290068626404
0.06290966272354126
0.10666050761938095
0.1965024322271347
-0.09440328180789948
-0.34338220953941345
0.16616226732730865
-0.12045350670814514
0.1220538318157196
-0.13670231401920319
0.19778123497962952
-0.07464423030614853
-0.4767739772796631
-0.14688147604465485
0.0670829489827156
-0.3256525993347168
0.3395417034626007
0.7544143199920654
-0.18387533724308014
0.2623726725578308
-0.05966557189822197
0.333025187253952
0.5724554657936096
0.21732386946678162
0.0691390335559845
-0.25936874747276306
0.14375366270542145
-0.3379586935043335
0.006919968407601118
-0.4308967888355255
0.6411927342414856
0.23861949145793915
0.2150590568780899
-0.34404319524765015
-0.36645612120628357
-0.267326295375824
-0.048281341791152954
-0.1040203869342804
-0.3406054973602295
-0.1416483074426651
-0.3559354543685913
0.25349390506744385
-0.19711743295192719
-0.15644417703151703
0.31321024894714355
0.030860930681228638
-0.15178805589675903
0.1547374725341797
-0.00714150071144104
0.08157598972320557
-0.2619560956954956
-0.23330235481262207
-0.13220015168190002
0.0
0.3298850953578949
-0.26377472281455994
0.3480564057826996
-0.2586229741573334
0.04653645679354668
-0.38248705863952637
0.1360008865594864
0.3471640944480896
0.2911270558834076
0.011556504294276237
-0.11989478766918182
0.36073094606399536
-0.13550500571727753
-0.1418810933828354
0.10556859523057938
-0.1093839630484581
0.31308072805404663
0.471872478723526
-0.0033124915789812803
0.1577959507703781
0.0358889140188694
0.11969833821058273
0.15824532508850098
-0.3921319842338562
0.003637860994786024
0.18566147983074188
1.0247138738632202
-0.5117443203926086
0.11898163706064224
-0.16227774322032928
0.535976231098175
0.4840572774410248
-0.2222779393196106
0.2976073920726776
0.09983187913894653
0.11154396086931229
0.2971038520336151
-0.3304290771484375
-0.10312643647193909
0.29310083389282227
0.6242439150810242
0.09409672766923904
0.0025730126071721315
-0.2435075044631958
0.2932988703250885
0.45711955428123474
0.4916459918022156
-0.5017070174217224
0.15322057902812958
0.14058087766170502
-0.1139012947678566
-0.6415122747421265
-0.3816947937011719
0.3498902916908264
0.002338314661756158
0.6345572471618652
-0.20108629763126373
0.39851662516593933
-0.01432233676314354
0.008142043836414814
0.21291135251522064
-0.10842118412256241
0.16998030245304108
-0.0541931577026844
0.0527741014957428
0.34202003479003906
0.07192778587341309
0.3151065707206726
-1.5619912147521973
0.19401095807552338
-0.0767732486128807
0.2167038917541504
-0.4960646629333496
-0.07578922808170319
0.3504716157913208
0.24437113106250763
0.5881127715110779
-0.024183716624975204
-0.0343606062233448
0.03144758194684982
0.5319247841835022
0.19375993311405182
-0.29321348667144775
0.21294012665748596
0.27984097599983215
-0.27125200629234314
0.010565175674855709
0.16867390275001526
0.37602269649505615
-0.9506968855857849
0.23168334364891052
0.12044069170951843
-0.30310094356536865
-0.33475181460380554
0.005957485176622868
0.5386325716972351
0.9843438863754272
0.5542660355567932
-0.2828821539878845
0.19390949606895447
0.0726175308227539
0.4836229085922241
-0.3214765787124634
-0.06222037598490715
0.15740691125392914
0.3251762390136719
-1.3348369598388672
0.5817826390266418
1.0912171602249146
0.05671006813645363
-4.9980340003967285
1.8556030988693237
-5.547841548919678
-2.1599409580230713
0.7207439541816711
-0.1951482743024826
-0.5218031406402588
-1.0804599523544312
0.5818660855293274
0.29368510842323303
0.14554515480995178
0.5105984807014465
0.2731981575489044
-0.30741211771965027
-0.3711787462234497
0.0032705776393413544
-0.8938593864440918
0.6170974969863892
-0.2943463921546936
0.6097139716148376
0.21962891519069672
0.9691193103790283
-0.27271080017089844
0.41275766491889954
0.26076045632362366
0.2449602633714676
0.7713941335678101
0.5157239437103271
0.561672031879425
-0.10736030340194702
1.0526255369186401
-0.9757776856422424
-1.7477197647094727
-0.6442798972129822
0.5161503553390503
0.7390738129615784
0.3167424201965332
-0.14394241571426392
-0.07641207426786423
0.015013998374342918
-0.16170647740364075
0.1266298145055771
0.682482123374939
-0.30789914727211
0.12128432095050812
0.14544232189655304
0.5472443699836731
0.3892017900943756
-0.18361790478229523
0.26052525639533997
-0.2533808648586273
-0.18023669719696045
0.24547235667705536
-0.06146899610757828
0.18617792427539825
0.48433056473731995
0.5874066352844238
0.046145662665367126
-0.04424695670604706
-0.20299984514713287
0.08997367322444916
-0.1209515854716301
0.2598615884780884
-0.363726943731308
0.25809821486473083
-0.15554912388324738
0.3450857996940613
-0.2708745300769806
0.17385567724704742
-0.1028691902756691
-0.013155453838407993
-0.2388385534286499
-0.12258792668581009
-0.3609074354171753
-0.002050250070169568
-0.049779944121837616
-0.10121744126081467
-0.17050394415855408
-0.020529180765151978
0.26806142926216125
0.36044302582740784
0.33182334899902344
-0.24815472960472107
0.03464260697364807
-1.0575605630874634
-0.16081927716732025
0.11020885407924652
0.034408167004585266
-0.488377183675766
0.07406112551689148
0.46928760409355164
-0.13628509640693665
-0.03396067023277283
-0.009987467899918556
0.2366941273212433
-0.22411802411079407
0.3347231149673462
0.16222257912158966
-0.05454985052347183
0.1258879005908966
-1.1036720275878906
0.34902021288871765
0.31755897402763367
0.7950658202171326
-0.43821975588798523
0.4717531204223633
0.3175589442253113
-0.328753262758255
-0.6445470452308655
0.13102155923843384
0.2968277931213379
-0.472053587436676
0.9595427513122559
0.3027535676956177
1.0177488327026367
-2.0870141983032227
-0.6868778467178345
-0.7379804253578186
0.5162310600280762
0.4423683285713196
0.020538877695798874
0
4
