2
1
2
20
20
0.003121457528322935
-0.02139756828546524
0.005579429212957621
-0.003117507789283991
0.021370628848671913
-0.005575660616159439
0.0028641431126743555
-0.01961633749306202
0.005057438742369413
-0.003176476340740919
0.02178148552775383
-0.005676991306245327
0.0033322726376354694
-0.022855276241898537
0.006024881266057491
0.0027046415489166975
-0.018515629693865776
0.004742129240185022
-0.003110758261755109
0.021323956549167633
-0.00555266160517931
-0.003387235337868333
0.023236984387040138
-0.0061031426303088665
0.0026656377594918013
-0.01825505681335926
0.004661525133997202
0.0032295272685587406
-0.022145021706819534
0.005789212882518768
-0.003214359749108553
0.02204909920692444
-0.0057223644107580185
-0.002780810697004199
0.019052203744649887
-0.004867402371019125
-0.0032454694155603647
0.022258276119828224
-0.005835036747157574
-0.003167506540194154
0.021718746051192284
-0.0056994310580194
-0.002546121831983328
0.017417702823877335
-0.004459538031369448
-0.0031899879686534405
0.02187669649720192
-0.0056978268548846245
0.0034488472156226635
-0.023661725223064423
0.006217018701136112
-0.0030805885326117277
0.021117085590958595
-0.005506520625203848
0.0019074267474934459
-0.0130543801933527
0.003243538551032543
-0.0028892848640680313
0.019792944192886353
-0.005101865157485008
-0.037813667207956314
0.037721578031778336
-0.034597042948007584
0.03849433735013008
-0.04039949178695679
-0.03262530639767647
0.037642788141965866
0.041065651923418045
-0.03213600814342499
-0.03913054242730141
0.038938362151384354
0.03354194015264511
0.039316434413194656
0.03838695213198662
0.030705546960234642
0.03862011805176735
-0.04182079806923866
0.03731072321534157
-0.0228953268378973
0.03489254415035248
0.00039919602568261325
0.05720406025648117
-0.057128552347421646
0.052370425313711166
-0.05823809653520584
0.061278168112039566
0.049398183822631836
-0.05708889663219452
-0.06226417422294617
0.04866671934723854
0.059249915182590485
-0.05896114930510521
-0.0507979653775692
-0.059542275965213776
-0.05815506726503372
-0.046469490975141525
-0.058494966477155685
0.06333477050065994
-0.05649108439683914
0.03467480465769768
-0.052827849984169006
-0.0005359100759960711
0.14684262871742249
-0.14661459624767303
0.13437561690807343
-0.1494077891111374
0.15696969628334045
0.12685436010360718
-0.14634862542152405
-0.15965186059474945
0.12483902275562286
0.15210524201393127
-0.15119729936122894
-0.13037428259849548
-0.1528109908103943
-0.14904414117336273
-0.11918699741363525
-0.15008553862571716
0.1625761091709137
-0.14477188885211945
0.0889483317732811
-0.1355859637260437
-0.0011551297502592206
-0.0337458960711956
0.03379792347550392
-0.030893608927726746
0.03437107056379318
-0.036143314093351364
-0.02917439304292202
0.03366211801767349
0.03671851381659508
-0.028704000636935234
-0.03498624637722969
0.03481364995241165
0.029996762052178383
0.03513186424970627
0.03430165350437164
0.02744441106915474
0.034504082053899765
-0.03735792636871338
0.033330392092466354
-0.020460397005081177
0.031166724860668182
0.00035129720345139503
-0.17976313829421997
0.1794459968805313
-0.16453978419303894
0.18301019072532654
-0.19225789606571198
-0.1551562398672104
0.17910248041152954
0.19535097479820251
-0.15285278856754303
-0.18618343770503998
0.18520773947238922
0.15955568850040436
0.18704280257225037
0.1824430376291275
0.14604981243610382
0.1837594360113144
-0.1990094929933548
0.17726032435894012
-0.10893558710813522
0.16602803766727448
0.0013848233502358198
0.12466693669557571
-0.12441754341125488
0.11409862339496613
-0.12686306238174438
0.1332589089870453
0.1076444685459137
-0.124098040163517
-0.1354217529296875
0.10604281723499298
0.12902182340621948
-0.12830542027950287
-0.11063621938228607
-0.1296761929988861
-0.12647096812725067
-0.10126342624425888
-0.12736551463603973
0.13787472248077393
-0.1228664293885231
0.07553171366453171
-0.11500592529773712
-0.0009988027159124613
0.078476183116436
-0.07832275331020355
0.0718364268541336
-0.07985714823007584
0.08397611975669861
0.06768132001161575
-0.0781768336892128
-0.08529703319072723
0.06668966263532639
0.0812983289361
-0.08080841600894928
-0.06962990760803223
-0.08169902861118317
-0.07964303344488144
-0.06368254125118256
-0.08021898567676544
0.08678942173719406
-0.07733089476823807
0.047549325972795486
-0.07238452136516571
-0.0006736126379109919
-0.18212592601776123
0.1818600594997406
-0.16674911975860596
0.18534867465496063
-0.19472041726112366
-0.1572924554347992
0.18143032491207123
0.197983980178833
-0.15489593148231506
-0.1885366290807724
0.18762144446372986
0.16169285774230957
0.18957695364952087
0.18493857979774475
0.14789828658103943
0.18621473014354706
-0.20162497460842133
0.17965638637542725
-0.11042094975709915
0.1681271195411682
0.0014011586317792535
-0.018072251230478287
0.018030313774943352
-0.016521424055099487
0.018380647525191307
-0.019360793754458427
-0.015574287623167038
0.01802639849483967
0.019615590572357178
-0.01535792462527752
-0.018705546855926514
0.01858259178698063
0.01602534018456936
0.018776068463921547
0.018333498388528824
0.01464949082583189
0.018440764397382736
-0.01996959000825882
0.017809279263019562
-0.010936349630355835
0.01666702888906002
0.00021913940145168453
0.0021764826960861683
-0.002173664281144738
0.001991614932194352
-0.002215330023318529
0.002387620974332094
0.0018851865315809846
-0.002167730126529932
-0.0023653791286051273
0.0018513421528041363
0.0023011004086583853
-0.0022450238466262817
-0.001931975013576448
-0.0022913976572453976
-0.0022091276478022337
-0.0017668330110609531
-0.0022261107806116343
0.00240865140222013
-0.0021482587326318026
0.0013190179597586393
-0.0020091317128390074
0.02919701673090458
-0.039030708372592926
0.03908679634332657
-0.03574293479323387
0.039840858429670334
-0.04180935025215149
-0.03371170908212662
0.03891041502356529
0.042436979711055756
-0.03323467820882797
-0.04055048152804375
0.04025372117757797
0.03467969968914986
0.04063089191913605
0.0396343432366848
0.03171456977725029
0.03995979577302933
-0.04323070868849754
0.038556791841983795
-0.023669637739658356
0.03610027953982353
0.00040164549136534333
-0.18316349387168884
0.18297211825847626
-0.16777242720127106
0.1864941269159317
-0.19599799811840057
-0.15825577080249786
0.18252721428871155
0.19922830164432526
-0.1558653712272644
-0.1897161602973938
0.18874573707580566
0.16269747912883759
0.19068370759487152
0.1860741525888443
0.14876729249954224
0.1873188614845276
-0.2028491497039795
0.18078544735908508
-0.11106550693511963
0.16921991109848022
0.0014089972246438265
-0.055099423974752426
0.05499906465411186
-0.050415556877851486
0.05606301128864288
-0.05892416462302208
-0.04755691811442375
0.05487781763076782
0.05987758934497833
-0.04684760794043541
-0.057036206126213074
0.05673981085419655
0.04891249164938927
0.05733161419630051
0.055984314531087875
0.04480992257595062
0.05630716681480408
-0.060972850769758224
0.054402343928813934
-0.03337994962930679
0.0508565716445446
0.0005245910724624991
0.05393477901816368
-0.0538584403693676
0.04931893199682236
-0.05487162619829178
0.057708460837602615
0.04652048647403717
-0.05368534475564957
-0.058637116104364395
0.045830968767404556
0.0558943934738636
-0.05551181361079216
-0.0478527769446373
-0.05607777461409569
-0.05472344532608986
-0.043786611407995224
-0.055083319544792175
0.059647511690855026
-0.05316736921668053
0.03267285227775574
-0.049769993871450424
-0.0005140086286701262
-0.06156884506344795
0.06144746392965317
-0.05629707872867584
0.06266140192747116
-0.06587423384189606
-0.05310240015387535
0.06128565967082977
0.06685838103294373
-0.05232518911361694
-0.06377149373292923
0.06338393688201904
0.05463036149740219
0.06409034132957458
0.06252159923315048
0.05000225827097893
0.0628967359662056
-0.06808821856975555
0.060683589428663254
-0.0372827984392643
0.0568295493721962
0.0005668376106768847
0.16880404949188232
-0.16866838932037354
0.15454840660095215
-0.17189551889896393
0.18058811128139496
0.14587292075157166
-0.16824540495872498
-0.18358473479747772
0.14360874891281128
0.1748962551355362
-0.17391245067119598
-0.14989398419857025
-0.1757592409849167
-0.17146025598049164
-0.1370706558227539
-0.17258799076080322
0.1869092434644699
-0.16650839149951935
0.10230762511491776
-0.15592379868030548
-0.0013090154388919473
-0.06214107945561409
0.06208638846874237
-0.056905727833509445
0.06326698511838913
-0.06646761298179626
-0.05366490036249161
0.06192498281598091
0.06758107990026474
-0.05286962166428566
-0.0644477903842926
0.06403033435344696
0.05520275980234146
0.0647692009806633
0.06317984312772751
0.05056385323405266
0.06356314569711685
-0.06881046295166016
0.06137605383992195
-0.03768143802881241
0.05739183723926544
0.0005708314711228013
0.04869677498936653
-0.04863365367054939
0.04457172751426697
-0.0495661161839962
0.05207818001508713
0.042044516652822495
-0.04856467619538307
-0.05293388292193413
0.04141935706138611
0.050509050488471985
-0.05016621574759483
-0.043235812336206436
-0.05074305832386017
-0.04944167658686638
-0.03956753388047218
-0.04978390783071518
0.05391821637749672
-0.04807388037443161
0.029511278495192528
-0.044973887503147125
-0.000480671355035156
0.1812419295310974
-0.18107189238071442
0.16598302125930786
-0.18456165492534637
0.19386924803256989
0.15650016069412231
-0.18064767122268677
-0.19704674184322357
0.15425071120262146
0.18768198788166046
-0.1867133378982544
-0.16092455387115479
-0.18871928751468658
-0.18408283591270447
-0.14721651375293732
-0.185353621840477
0.2006794959306717
-0.17885318398475647
0.10991735756397247
-0.16735997796058655
-0.0013954458991065621
0.054006945341825485
-0.05392767861485481
0.04943227767944336
-0.05504841357469559
0.0578639879822731
0.046655528247356415
-0.05385369807481766
-0.05877290666103363
0.04596911370754242
0.056023333221673965
-0.05563468486070633
-0.048008572310209274
-0.05622761696577072
-0.05489771068096161
-0.043918292969465256
-0.0552828274667263
0.059820424765348434
-0.053299058228731155
0.032733190804719925
-0.049962323158979416
-0.0004985056002624333
-0.26891598105430603
0.407330721616745
1.046906590461731
-0.2403258979320526
-1.2831000089645386
0.8879294395446777
0.5584103465080261
-1.3001352548599243
-0.12840130925178528
0.015456103719770908
-0.2779332995414734
-1.3082538843154907
-0.3920895457267761
0.38358867168426514
-0.4379067122936249
1.2049058675765991
-0.44254228472709656
0.3466298282146454
1.2941666841506958
0.38461270928382874
0.1381942480802536
0
4
