2
1
2
20
20
0.005260652396827936
-0.025888554751873016
-0.014505897648632526
0.010102813132107258
-0.04961834102869034
0.015999194234609604
0.0077611240558326244
-0.03812682628631592
0.007504763547331095
-0.00022165926930028945
0.0011016031494364142
0.2687578499317169
-0.02864009328186512
0.13876093924045563
-0.06259603798389435
0.04348377138376236
-0.20660609006881714
0.09476272016763687
-0.023339491337537766
0.11366040259599686
-0.05094756931066513
0.01844695396721363
-0.09019426256418228
0.03911398723721504
-0.03501182794570923
0.16833274066448212
-0.07662675529718399
-0.0002223446499556303
0.001073980936780572
0.19340652227401733
-0.008163507096469402
0.040136076509952545
-0.005195008125156164
-0.002089096000418067
0.010279465466737747
0.08510959148406982
0.0027890289202332497
-0.013618473894894123
-0.027126453816890717
0.00174611690454185
-0.008555326610803604
-0.06475843489170074
-0.012258828617632389
0.0601586252450943
-0.023707019165158272
-0.0014269090024754405
0.006921706255525351
0.024102287366986275
0.018062591552734375
-0.08836724609136581
0.03766203671693802
-0.0033177605364471674
0.016322853043675423
0.033509381115436554
-0.03328825905919075
0.16045363247394562
-0.07254263013601303
-0.01873275823891163
0.09158995002508163
-0.03955170884728432
0.03852895274758339
0.07406998425722122
0.05692257359623909
-0.0017525507137179375
-0.2068626880645752
0.3085572123527527
-0.1691652238368988
0.13438938558101654
-0.2510448694229126
-0.001695258542895317
-0.059887852519750595
-0.01538102701306343
0.020332761108875275
0.012806208804249763
-0.08954449743032455
-0.010279711335897446
0.13167603313922882
-0.024355260655283928
-0.23910346627235413
-0.13609366118907928
0.011050622910261154
0.052082598209381104
0.0998334139585495
0.07653242349624634
-0.002410545712336898
-0.2798685133457184
0.4190658628940582
-0.22910520434379578
0.18174561858177185
-0.33996090292930603
-0.002260960638523102
-0.08069130778312683
-0.02092461660504341
0.027446405962109566
0.017266608774662018
-0.12086984515190125
-0.013933544047176838
0.1779528111219406
-0.032904721796512604
-0.32450589537620544
-0.18448825180530548
0.012680995278060436
0.05338935926556587
0.10204862058162689
0.07845469564199448
-0.002336746547371149
-0.28533798456192017
0.42627835273742676
-0.23354573547840118
0.18609344959259033
-0.3468059003353119
-0.0022290535271167755
-0.08266555517911911
-0.021258460357785225
0.02796635776758194
0.017639867961406708
-0.12418723851442337
-0.014203242026269436
0.18164916336536407
-0.033563900738954544
-0.3310810625553131
-0.18794596195220947
0.012552795000374317
0.05531641095876694
0.10557575523853302
0.08117976039648056
-0.0023642810992896557
-0.2961044907569885
0.44216302037239075
-0.2427942156791687
0.19187965989112854
-0.360016793012619
-0.002283477457240224
-0.08589553087949753
-0.022001193836331367
0.02903091162443161
0.018276719376444817
-0.12835784256458282
-0.014756357297301292
0.1878068447113037
-0.034878555685281754
-0.3432214856147766
-0.19555488228797913
0.012795502319931984
0.05534503236413002
0.10611826926469803
0.08146990090608597
-0.002379440004006028
-0.2967420816421509
0.44235023856163025
-0.2432025521993637
0.19277732074260712
-0.36024025082588196
-0.002273722318932414
-0.08525976538658142
-0.021926339715719223
0.02911221981048584
0.018301742151379585
-0.12766072154045105
-0.01475608441978693
0.1890740543603897
-0.034888625144958496
-0.3425074815750122
-0.19486969709396362
0.01281772367656231
0.0009341944823972881
0.0017922804690897465
0.0013761152513325214
-5.44176364201121e-05
-0.005035827402025461
0.007564194034785032
-0.004109843634068966
0.0032554171048104763
-0.006131283938884735
-4.969218935002573e-05
-0.0014487106818705797
-0.0003745040448848158
0.0004931285511702299
0.0003171525022480637
-0.0021573950070887804
-0.00025198626099154353
0.0032195381354540586
-0.0005892032058909535
-0.005776271689683199
-0.003337344154715538
0.24693743884563446
0.05022064968943596
0.09611253440380096
0.07356660813093185
-0.0021846764720976353
-0.2690333425998688
0.4014754295349121
-0.21985234320163727
0.175113707780838
-0.3265970051288605
-0.002118445001542568
-0.07792900502681732
-0.020044168457388878
0.026347462087869644
0.01663515716791153
-0.11648763716220856
-0.01336781308054924
0.17116883397102356
-0.03162141144275665
-0.31111639738082886
-0.1773897409439087
0.01222288142889738
0.02960536815226078
0.05699339509010315
0.04389876872301102
-0.0014011581661179662
-0.15950924158096313
0.2380005121231079
-0.13054297864437103
0.10371957719326019
-0.1938338279724121
-0.0013413826236501336
-0.046030521392822266
-0.011858437210321426
0.015619145706295967
0.009875629097223282
-0.06928009539842606
-0.007975656539201736
0.10136551409959793
-0.01879730075597763
-0.1846911758184433
-0.10489751398563385
0.01066027581691742
-0.054609090089797974
-0.10463489592075348
-0.08048839122056961
0.00247795763425529
0.2933020293712616
-0.438431054353714
0.2400992065668106
-0.19038096070289612
0.3565598428249359
0.002300043823197484
0.08463257551193237
0.02179086022078991
-0.028759142383933067
-0.01806417852640152
0.12668493390083313
0.014573529362678528
-0.18622775375843048
0.0344676710665226
0.3394503891468048
0.19331024587154388
-0.012893624603748322
-0.04968927428126335
-0.09571192413568497
-0.0733736976981163
0.0021323184482753277
0.26757219433784485
-0.3980744779109955
0.21824070811271667
-0.1734040528535843
0.3245067298412323
0.0020747517701238394
0.07746522128582001
0.01979951560497284
-0.026272999122738838
-0.0164925679564476
0.11538732051849365
0.01331740990281105
-0.17054371535778046
0.03129944950342178
0.30957427620887756
0.17675258219242096
-0.012071225792169571
0.011265184730291367
0.0214346032589674
0.016591645777225494
-0.0006370762130245566
-0.06018298864364624
0.09011870622634888
-0.04944552108645439
0.03927895799279213
-0.07337699830532074
-0.0005899706739000976
-0.017423221841454506
-0.004533451981842518
0.005962545983493328
0.0037685418501496315
-0.026118079200387
-0.003013935871422291
0.03842752426862717
-0.007126430980861187
-0.06975872814655304
-0.03990914300084114
0.0214932132512331
0.05807112902402878
0.11133891344070435
0.08577652275562286
-0.0025189160369336605
-0.31328320503234863
0.46725955605506897
-0.25659915804862976
0.20300963521003723
-0.3805800974369049
-0.002376863034442067
-0.09075617045164108
-0.02323935739696026
0.030624033883213997
0.019315071403980255
-0.1360054314136505
-0.015614570118486881
0.199524387717247
-0.036845095455646515
-0.3624856173992157
-0.20634987950325012
0.013241231441497803
0.051284339278936386
0.09805985540151596
0.07559233903884888
-0.0021766526624560356
-0.2746869623661041
0.40918028354644775
-0.22514544427394867
0.17786186933517456
-0.333675742149353
-0.002120546530932188
-0.07895533740520477
-0.02033255621790886
0.02695334143936634
0.016944732517004013
-0.11934104561805725
-0.013636068440973759
0.17496317625045776
-0.032297875732183456
-0.3177683651447296
-0.18160687386989594
0.012237257324159145
-0.05082796514034271
-0.0971536785364151
-0.07476737350225449
0.0022661234252154827
0.2728871703147888
-0.40710756182670593
0.22347977757453918
-0.17733249068260193
0.33130165934562683
0.0021767676807940006
0.07856182754039764
0.020376188680529594
-0.026766620576381683
-0.01689908280968666
0.11791931837797165
0.01357466634362936
-0.17347949743270874
0.032088752835989
0.31574058532714844
0.17992311716079712
-0.012437780387699604
0.05759774148464203
0.11052778363227844
0.08478347212076187
-0.0024123506154865026
-0.30897781252861023
0.4601607322692871
-0.2519567012786865
0.1999397575855255
-0.37402060627937317
-0.0023426844272762537
-0.08903298527002335
-0.022948632016777992
0.030150897800922394
0.01903003454208374
-0.1334293782711029
-0.015318915247917175
0.1956562101840973
-0.03622780367732048
-0.35694852471351624
-0.20315071940422058
0.013093424960970879
-0.04798584431409836
-0.09182397276163101
-0.070516437292099
0.0022393525578081608
0.25760143995285034
-0.3852095305919647
0.2109452784061432
-0.16737647354602814
0.3128097355365753
0.002117034513503313
0.07434042543172836
0.01928856410086155
-0.025299979373812675
-0.01592867262661457
0.11142858117818832
0.012835899367928505
-0.16386911273002625
0.03032315894961357
0.29819121956825256
0.16992157697677612
-0.012272823601961136
0.05227343738079071
0.1003793329000473
0.0772198736667633
-0.0023253026884049177
-0.2811759412288666
0.41957327723503113
-0.23029041290283203
0.1826172024011612
-0.3419187068939209
-0.0022475451696664095
-0.08099984377622604
-0.020913414657115936
0.02758551388978958
0.017331523820757866
-0.12176475673913956
-0.013974308967590332
0.17893750965595245
-0.03306223824620247
-0.32527682185173035
-0.18550258874893188
0.012619883753359318
0.04728164151310921
0.09054034948348999
0.0696127638220787
-0.0021105697378516197
-0.2536819875240326
0.3780772387981415
-0.20768065750598907
0.1642577350139618
-0.30743470788002014
-0.0020097566302865744
-0.07322350889444351
-0.01883149892091751
0.024830542504787445
0.015634208917617798
-0.11001560091972351
-0.012632724829018116
0.16149555146694183
-0.02981029450893402
-0.29298239946365356
-0.16739265620708466
0.011880575679242611
0.007198122795671225
0.013861107639968395
0.010547883808612823
-0.0002450578613206744
-0.03869445621967316
0.057673171162605286
-0.03179112449288368
0.02504642680287361
-0.04708222672343254
-0.0002527389151509851
-0.011155002750456333
-0.0028474312275648117
0.0037872169632464647
0.0023745407816022635
-0.01678929105401039
-0.0019199640955775976
0.024661250412464142
-0.004548850003629923
-0.044741448014974594
-0.025457147508859634
0.007304387632757425
0.03883494809269905
0.07436450570821762
0.05710003152489662
-0.0018019408453255892
-0.20854580402374268
0.3110712766647339
-0.17072144150733948
0.13537415862083435
-0.2530733644962311
-0.0017313917633146048
-0.060239896178245544
-0.015505795367062092
0.02046365477144718
0.012907684780657291
-0.09035840630531311
-0.010399976745247841
0.13253210484981537
-0.024540463462471962
-0.2414926290512085
-0.13752123713493347
0.011237998493015766
0.24336722493171692
0.33063986897468567
0.3394979238510132
0.35235485434532166
0.3523360788822174
0.006140013225376606
0.31854963302612305
0.18705418705940247
-0.3473096489906311
-0.31677135825157166
0.07063253223896027
0.3731279969215393
0.3257702887058258
-0.3225632905960083
0.3673006594181061
-0.30365973711013794
0.33264002203941345
0.29945334792137146
0.045233339071273804
0.24475809931755066
-0.11311464011669159
0.0
4.0
