2
1
2
20
20
0.048666201531887054
-0.6250790953636169
-0.17170318961143494
-0.5121982097625732
-0.8227694630622864
0.23579154908657074
-0.14457832276821136
0.11415039002895355
-0.07516958564519882
-0.44319167733192444
0.37288856506347656
-0.3674812614917755
-0.10645271092653275
-0.1206187978386879
0.29370149970054626
0.4105554223060608
0.041311804205179214
-0.779113233089447
-0.07880941778421402
1.247972846031189
-0.25578755140304565
0.22706657648086548
-0.6528408527374268
-0.3654736280441284
0.05869244411587715
0.09596749395132065
-0.755294680595398
-0.08731943368911743
-0.14170387387275696
-1.3940846920013428
0.17505601048469543
-0.6107089519500732
1.0748364925384521
0.24482522904872894
-0.6240848302841187
0.46650516986846924
-0.30407586693763733
0.5770877599716187
0.2838051915168762
-0.4302010238170624
0.4043795168399811
-0.47196435928344727
-0.7712741494178772
1.3448289632797241
-0.20367315411567688
0.016368210315704346
-0.1035553514957428
-0.8878699541091919
0.15124283730983734
-0.44611790776252747
-0.3188307285308838
-0.19921976327896118
1.3462276458740234
0.20769356191158295
-0.4804256856441498
-1.2386256456375122
0.39251208305358887
0.6194045543670654
-0.14056190848350525
-0.015465723350644112
0.27639296650886536
0.4267491102218628
0.28006070852279663
0.21566738188266754
0.10352972894906998
-0.1887510120868683
-0.6374400854110718
0.48282697796821594
-0.12072943896055222
-0.0898948460817337
-0.5900629758834839
-0.13198073208332062
0.3188721835613251
0.15017971396446228
-0.24901258945465088
-0.10356958210468292
0.5709552764892578
-0.25794717669487
-0.023364588618278503
0.257387638092041
-0.13819950819015503
0.064140185713768
-0.31393831968307495
0.09475564956665039
-0.04220937564969063
0.0761762261390686
0.15512509644031525
0.8071981072425842
0.0828898623585701
0.06954614818096161
-0.12256679683923721
-0.18951624631881714
0.13058023154735565
-0.19469206035137177
0.09844353795051575
0.6406535506248474
0.11321152746677399
-0.07458305358886719
-0.2604725956916809
0.15697231888771057
0.011548963375389576
0.7636910080909729
0.11495724320411682
0.09892154484987259
-0.00045087264152243733
-0.10032564401626587
-0.07174654304981232
-0.4114901125431061
-0.0645422488451004
-0.0674058049917221
-0.09692104160785675
0.1227884590625763
-0.01767350733280182
-0.057763680815696716
0.021629473194479942
0.0974309891462326
-0.16163818538188934
-0.12290383875370026
-0.10197700560092926
-0.07679435610771179
-0.07766789942979813
0.0009799456456676126
-0.6866353154182434
0.3212783634662628
0.6422348022460938
0.1610722541809082
-0.15502449870109558
-0.28318271040916443
0.34939226508140564
-0.5915841460227966
0.6912596225738525
-0.12013501673936844
-0.0935961902141571
0.33600398898124695
0.5196082592010498
-0.39229533076286316
0.012140168808400631
-0.7504991888999939
-0.18149374425411224
0.4627060294151306
-0.7982996702194214
0.3217509090900421
0.22782038152217865
0.84822678565979
0.10889202356338501
-0.12456648796796799
-0.1185382753610611
-0.05322742462158203
0.10584157705307007
0.021407293155789375
-0.09109284728765488
-0.1174057200551033
0.12200456857681274
-0.14234474301338196
0.04964274913072586
-0.11631260812282562
-0.001080464106053114
-0.021793581545352936
0.1234312355518341
0.11977726966142654
-0.11099483072757721
0.001365856733173132
0.012888551689684391
-0.15461091697216034
-1.1808698177337646
0.1234874501824379
-0.12397541850805283
-0.22408798336982727
-0.06890907138586044
-0.061111368238925934
-0.023856298997998238
-0.12384750694036484
-0.010605758056044579
0.10017382353544235
-0.04904491826891899
-0.004044233355671167
-0.12262029200792313
-0.09706965833902359
0.08295710384845734
-0.1239277794957161
-0.11101482808589935
0.06786547601222992
-0.10256710648536682
0.11344152688980103
-0.09544247388839722
-1.2128304243087769
-0.3303534984588623
0.085072360932827
0.0431533046066761
0.19417521357536316
0.1943056285381317
-0.4926614761352539
0.747219979763031
0.08750569075345993
0.11335913836956024
0.10193631052970886
0.7602682113647461
-0.5612512230873108
0.8058733344078064
0.18721824884414673
0.5056595802307129
0.12200324237346649
0.10757943987846375
1.0102803707122803
0.38503438234329224
-0.47115015983581543
-0.323530375957489
0.7392402291297913
1.6847665309906006
0.30683740973472595
-0.30167877674102783
0.24872344732284546
0.7164090871810913
-0.8569142818450928
1.1429346799850464
0.11108645796775818
-0.006621152628213167
0.5612905621528625
0.8132671117782593
-0.34504175186157227
0.45153918862342834
-0.9778238534927368
-0.07551419734954834
0.10712026059627533
-0.7886722087860107
1.1932692527770996
0.8079520463943481
0.5050960779190063
0.09563474357128143
-0.4553098678588867
0.3926357328891754
0.2110644429922104
-0.244313582777977
-0.14750291407108307
0.3203749358654022
-0.07115495949983597
0.061293549835681915
-0.19965749979019165
-1.4767988920211792
-0.7888304591178894
0.5614454746246338
0.1423962265253067
1.2567914724349976
0.11577964574098587
-0.08661088347434998
1.028022050857544
0.018418138846755028
-0.8962311744689941
0.23892635107040405
0.3769882917404175
-0.27273839712142944
0.40864622592926025
0.27375540137290955
-0.09211672842502594
-0.5473190546035767
0.32683199644088745
-0.06169817969202995
0.12415039539337158
0.10137085616588593
-0.9110073447227478
-0.5246225595474243
0.5943647027015686
0.29860928654670715
1.0382755994796753
0.0524231418967247
-0.09429891407489777
0.8919728398323059
0.03537369519472122
-0.2905379831790924
-0.2592281997203827
0.18758603930473328
0.029408380389213562
0.4086633026599884
0.431221604347229
-0.3475915193557739
-0.6367060542106628
0.7923793792724609
0.12646298110485077
-0.12288233637809753
0.1231522187590599
-0.7864295244216919
-0.42996618151664734
1.2663662433624268
0.2793691158294678
0.9691053032875061
0.07488405704498291
-0.12240588665008545
1.3106175661087036
0.05662160366773605
-0.020372597500681877
0.1876443773508072
0.7533056735992432
1.1002538204193115
0.08154643326997757
-0.30137374997138977
0.2218277007341385
0.5435089468955994
0.014616115018725395
0.8560967445373535
-0.04012107476592064
-0.12362851202487946
0.6157388687133789
0.38177165389060974
-0.37275949120521545
-0.2629568874835968
-0.9319900870323181
0.0726953074336052
0.6979922652244568
-0.6838358640670776
1.2889573574066162
0.31254419684410095
0.9985495805740356
-0.10545545816421509
0.4540121555328369
0.16893747448921204
0.3839799165725708
-0.13961535692214966
-0.4664818048477173
0.7345789670944214
0.027833927422761917
0.11286494880914688
-0.10148035734891891
-0.38797247409820557
0.19192847609519958
0.621256411075592
-0.009706707671284676
0.3091399371623993
-0.08070126920938492
0.10537247359752655
0.4839778542518616
-0.9273023009300232
-0.11948862671852112
1.185740351676941
-0.11138557642698288
-0.6481883525848389
-0.11923126131296158
-0.08534598350524902
0.12372716516256332
-0.03606010973453522
-0.10498732328414917
0.0885591134428978
-0.12349530309438705
-0.12559139728546143
0.08722710609436035
-0.39639899134635925
0.044267985969781876
-0.12313155084848404
0.0027056552935391665
-0.10976949334144592
0.07562225311994553
0.11770506948232651
-0.21290530264377594
-0.2524467706680298
-0.4603361189365387
0.04952886328101158
0.027837568894028664
0.08385103940963745
-0.12296276539564133
0.19997113943099976
0.16834422945976257
-0.09820874035358429
-0.12843072414398193
-0.1913997083902359
-0.06673518568277359
1.2290033102035522
0.13167618215084076
-0.03748379647731781
0.12314676493406296
-0.8529599905014038
0.07019370049238205
-0.07706867903470993
-0.3342243432998657
-0.713034451007843
0.09626897424459457
-0.7807945609092712
0.02380313351750374
0.031883593648672104
-0.10628226399421692
0.009850862435996532
0.08053050935268402
-0.03949083760380745
-0.008093033917248249
0.021375643089413643
0.12345899641513824
0.1140209436416626
-0.09225296229124069
-0.11566898971796036
0.0699220821261406
0.31957948207855225
0.13774067163467407
-0.02392757497727871
-0.0023955823853611946
-0.08247863501310349
0.07689770311117172
-0.028133468702435493
-0.6972227692604065
-0.5950345993041992
-0.4575551450252533
0.20297670364379883
0.2308146059513092
-0.16163526475429535
-0.11818262934684753
0.81329745054245
-0.5970438122749329
0.10616262257099152
-0.1233406811952591
0.11630094051361084
-0.6773836016654968
0.6341513395309448
0.06779986619949341
1.1645691394805908
-0.10444096475839615
-0.8743255138397217
1.1705620288848877
-1.0419795513153076
-0.19562819600105286
0.609295129776001
0.35392630100250244
1.092711091041565
-0.010832958854734898
0.18487906455993652
0.39332956075668335
0.045311883091926575
0.08113861083984375
0.021842047572135925
0.11771941930055618
0.04751696065068245
0.9773160815238953
-0.24105755984783173
-0.08234679698944092
-0.04942577704787254
-0.05705176666378975
-0.08762156218290329
0.12486252933740616
0.8909713625907898
0.7467414140701294
0.2315119355916977
-0.9948697686195374
0.11519786715507507
0.11082738637924194
0.10430429875850677
-0.07543274760246277
-0.013983944430947304
-0.11992096900939941
-0.19117803871631622
0.10666853934526443
0.12414618581533432
0.05937358736991882
-0.1240847185254097
0.05358211696147919
0.014820002019405365
-0.12377864122390747
0.1241413950920105
0.07144118845462799
0.10216274112462997
0.12177364528179169
-0.11492837965488434
0.09522413462400436
-0.9787231683731079
0.054471857845783234
0.17793993651866913
-0.1568583846092224
0.047474004328250885
0.2009056657552719
-0.0044128610752522945
-0.12102342396974564
0.08040526509284973
-0.019042223691940308
-0.09887271374464035
-0.2380771040916443
-0.19018974900245667
0.16161145269870758
-0.14622531831264496
-0.137990340590477
0.11607421189546585
0.10726147145032883
-0.13725842535495758
0.048690829426050186
-0.05841714143753052
-0.1918463557958603
0.17197339236736298
-0.17888662219047546
-0.18888121843338013
-0.15002992749214172
0.19397704303264618
-0.011266534216701984
0.1058383360505104
0.07449926435947418
-0.40278181433677673
-0.29440295696258545
-0.19333185255527496
0.21232502162456512
-0.03297969698905945
-0.09179741144180298
-0.30073267221450806
-0.09871500730514526
-0.20008361339569092
0.21373069286346436
0.08735474199056625
-0.19857650995254517
0.6628015637397766
0
4
