2
1
2
20
20
-0.03140292316675186
0.052808646112680435
0.5093972086906433
0.006346690468490124
-0.0186100285500288
0.5330777168273926
-0.01646321453154087
0.02142300270497799
0.7292929887771606
0.3279898464679718
0.14365488290786743
0.11345808953046799
0.2393597811460495
0.10425139963626862
0.08341266214847565
0.07585085928440094
-0.1377066820859909
0.17371876537799835
0.36486122012138367
0.16062858700752258
0.1255064159631729
-0.04140353947877884
0.06347327679395676
0.970388650894165
-0.014882530085742474
0.01926443725824356
0.6680819988250732
-0.00997778307646513
0.009986658580601215
0.6841434836387634
0.04190640524029732
-0.08328729122877121
0.27322062849998474
0.20409223437309265
0.08880885690450668
0.07119909673929214
0.03459620475769043
-0.07033729553222656
0.38210251927375793
0.3158572018146515
0.1460871696472168
0.10672812908887863
-0.011318442411720753
0.011099599301815033
0.7833828926086426
0.01302709337323904
-0.030808335170149803
0.5007665157318115
0.022068249061703682
-0.047669917345047
0.4878075122833252
0.3063904047012329
0.1340206116437912
0.10617370903491974
-0.028705991804599762
0.03960331901907921
1.0073342323303223
0.01360282488167286
-0.03160085156559944
0.4703143537044525
-0.12557044625282288
0.041365787386894226
-0.052893154323101044
-0.34445860981941223
-0.2488965392112732
0.30490610003471375
-0.38622522354125977
-0.15189121663570404
-0.047671154141426086
-0.026009874418377876
0.19339925050735474
-0.21161046624183655
0.1627400666475296
-0.3486250638961792
-0.028885740786790848
0.07000163197517395
0.10946743190288544
-0.32135558128356934
-0.09602842479944229
0.07191948592662811
0.6659855246543884
0.13317477703094482
-0.026956183835864067
0.06990977376699448
-0.8066628575325012
-0.589555561542511
-0.3438716530799866
-0.8960086107254028
0.17471322417259216
0.06312128156423569
0.04250069707632065
-0.18030771613121033
-0.5029323101043701
-0.1478784829378128
-0.7703457474708557
0.04846646264195442
-0.055389825254678726
-0.0938696637749672
-0.7535735964775085
0.12211409211158752
-0.05800875648856163
0.5529488921165466
-0.1159832701086998
0.04907795041799545
-0.04072818532586098
-0.3409484624862671
-0.24622853100299835
0.3043433129787445
-0.38248878717422485
-0.13456939160823822
-0.03651083633303642
-0.014944787137210369
0.19471366703510284
-0.20928500592708588
0.1663866490125656
-0.3450233042240143
-0.0161383468657732
0.07676595449447632
0.11548175662755966
-0.31804025173187256
-0.0787409245967865
0.07818875461816788
0.5610294342041016
7.383636102531455e-07
2.777186678231754e-34
-2.0162370617526904e-07
1.5507751333077024e-11
-4.657600243263005e-07
-5.718091529161029e-07
-4.7294015788516895e-16
-1.3899136008799218e-10
3.620883288166004e-20
-4.7969592742447276e-08
1.1563671873036395e-38
-2.411618709516327e-19
-1.4638802670052797e-10
3.4851410646297154e-07
4.968271020283632e-12
-2.5958741822762477e-09
7.746517871609626e-10
-6.257885321048207e-09
-7.671394761802946e-16
-1.0523302051979044e-07
-0.006794750224798918
0.06176784262061119
0.03992098569869995
0.072304368019104
-1.0320320129394531
-0.7532597780227661
-0.06400825083255768
-1.1483778953552246
0.11638502031564713
0.06742095947265625
0.06375516206026077
0.0002930769114755094
-0.642400860786438
0.01108889002352953
-1.0023083686828613
0.07319843024015427
0.0329221673309803
0.0261763334274292
-0.9641143679618835
0.10780957341194153
0.0309199970215559
0.6587360501289368
-0.10977361351251602
0.04956817999482155
-0.03622175380587578
-0.3289596736431122
-0.23759113252162933
0.29470592737197876
-0.369096964597702
-0.12564419209957123
-0.032976869493722916
-0.011623559519648552
0.18893460929393768
-0.20195601880550385
0.16214554011821747
-0.33287879824638367
-0.012319806031882763
0.07622944563627243
0.11344832926988602
-0.3068746030330658
-0.07176564633846283
0.07740039378404617
0.5161508321762085
-0.10379728674888611
0.04809008166193962
-0.03345545381307602
-0.31377583742141724
-0.2266870141029358
0.28151610493659973
-0.35211893916130066
-0.11862237751483917
-0.030113456770777702
-0.009974050335586071
0.1807740181684494
-0.19270670413970947
0.1555054634809494
-0.3176679015159607
-0.010594183579087257
0.07345408946275711
0.10916214436292648
-0.2927080988883972
-0.06711980700492859
0.07473672181367874
0.4830837845802307
-0.11218325048685074
0.0471346415579319
-0.03977431729435921
-0.32872921228408813
-0.2374415397644043
0.2935776710510254
-0.36872315406799316
-0.13053663074970245
-0.035356003791093826
-0.014774872921407223
0.187797412276268
-0.20181968808174133
0.16032850742340088
-0.33269473910331726
-0.016029417514801025
0.07392202317714691
0.11124388128519058
-0.3066469132900238
-0.07664334774017334
0.07530487328767776
0.5444187521934509
0.073513463139534
0.02462748996913433
0.07034409046173096
-1.2178034782409668
-0.8892694711685181
-0.11872120946645737
-1.354617714881897
0.1317058652639389
0.06335148960351944
0.05726122483611107
-0.030344778671860695
-0.7585559487342834
-0.01854398474097252
-1.1811065673828125
0.0661231130361557
0.014022868126630783
0.0011717256857082248
-1.1376699209213257
0.11309430003166199
0.011818242259323597
0.9178237915039062
0.09985277056694031
-0.003717944724485278
0.06569850444793701
-0.9342687129974365
-0.6823878884315491
-0.22631603479385376
-1.0386347770690918
0.1460840404033661
0.059279974550008774
0.04595227912068367
-0.10501895844936371
-0.5820724964141846
-0.0839250236749649
-0.9000864624977112
0.05272391811013222
-0.022854724898934364
-0.048098839819431305
-0.8727713823318481
0.11076145619153976
-0.025069579482078552
0.6860899925231934
0.13142934441566467
-0.027565890923142433
0.06829002499580383
-0.819518506526947
-0.5989359617233276
-0.3425247371196747
-0.9103227257728577
0.17189350724220276
0.06156011298298836
0.041178036481142044
-0.17943058907985687
-0.5109190940856934
-0.1474096179008484
-0.7828657627105713
0.04696960747241974
-0.05571964010596275
-0.09385502338409424
-0.765579104423523
0.11969863623380661
-0.05828749015927315
0.5776937007904053
-2.0913381248988117e-08
2.2090916900197044e-06
-5.344524538486439e-07
-6.75270950267759e-10
-2.5085303279048787e-10
1.6737219539209036e-06
-1.38704905339182e-07
4.096777583839639e-09
4.4833285528511624e-07
1.1989899917352886e-07
8.585752198086993e-07
-3.558009720183719e-10
4.5190651576376695e-07
-2.147935301843873e-10
-6.586207632608421e-07
4.105579876068077e-08
-1.6191211216209922e-07
-4.66861704850885e-09
1.3487776584497624e-07
2.8955037123523653e-06
-0.055392079055309296
0.11239863932132721
-0.024016179144382477
0.05726617947220802
0.27908486127853394
0.20216277241706848
-0.24561616778373718
0.31255918741226196
0.1434323787689209
0.051736585795879364
0.03427910804748535
-0.15399295091629028
0.17203351855278015
-0.1266864687204361
0.2826235294342041
0.03872494399547577
-0.04815392941236496
-0.08077330142259598
0.2604939639568329
0.09857594221830368
-0.050390977412462234
0.15974251925945282
1.1437414881400729e-38
7.813491187391719e-09
3.0575199616578175e-07
-5.346817602003284e-07
2.7457010887133038e-08
-1.2867950628658864e-11
-1.1731906161469375e-38
-3.010467253261595e-07
1.905845950890897e-13
-4.819498826691415e-07
-1.6793368917689122e-09
4.205644791026742e-15
-1.0044080169809919e-20
-2.2987255175104056e-31
-5.224169430384507e-10
4.1664596217572125e-09
-8.81808226438352e-09
-6.9462328156078e-07
-1.842163932508356e-08
-3.890773427883687e-07
0.0
-0.13111767172813416
0.056933190673589706
-0.044830165803432465
-0.39016756415367126
-0.2815052568912506
0.3474220931529999
-0.4378294050693512
-0.15046252310276031
-0.040022242814302444
-0.01554438192397356
0.2223738580942154
-0.23917631804943085
0.1901559829711914
-0.3946908116340637
-0.01664789952337742
0.0884198397397995
0.13244472444057465
-0.36383503675460815
-0.08696101605892181
0.08994659781455994
0.626497209072113
0.10680368542671204
-0.022579386830329895
0.05459315702319145
0.2644752264022827
0.19159257411956787
-0.2329685240983963
0.2962007224559784
0.13681763410568237
0.049421634525060654
0.03276556357741356
-0.1460062861442566
0.16303206980228424
-0.12012791633605957
0.26783841848373413
0.03709535300731659
-0.04557141289114952
-0.07650838047266006
0.246860072016716
0.09414062649011612
-0.04767771065235138
0.10285169631242752
3.0244746085372753e-06
1.8429708461553673e-06
-4.6072599957369675e-07
-2.859198094637313e-17
6.321770342765376e-07
1.102507326322666e-06
-9.732139538698448e-09
4.7432126848434564e-07
-6.178286639624275e-06
2.008778920981058e-09
7.772097774250142e-07
3.356710465141077e-08
3.0091226221884426e-07
1.2002075777672871e-08
-1.0733231903259366e-07
7.032166848830457e-08
-6.377287604664161e-07
-2.0268267064693646e-07
3.861113739844768e-08
-2.587714106994099e-06
-0.03190252184867859
0.07743113487958908
-0.016617393121123314
0.039450328797101974
0.19085001945495605
0.1383432149887085
-0.16888123750686646
0.21366792917251587
0.09918756037950516
0.03564971312880516
0.023587919771671295
-0.10597271472215652
0.11776231229305267
-0.08728504925966263
0.19331268966197968
0.026663118973374367
-0.03325289860367775
-0.0557372160255909
0.17816205322742462
0.06814433634281158
-0.034761957824230194
0.12633995711803436
0.0043779099360108376
-0.0010354873957112432
0.002175723435357213
-0.02628193609416485
-0.019195783883333206
-0.01167727168649435
-0.02920038439333439
0.005635007284581661
0.001963194226846099
0.001262843725271523
-0.006101712118834257
-0.016370436176657677
-0.005062577314674854
-0.025077730417251587
0.0014286903897300363
-0.0019861848559230566
-0.003278580727055669
-0.024548441171646118
0.003825684543699026
-0.0020654438994824886
0.01910569705069065
-0.08901092410087585
0.024363763630390167
-0.04138277843594551
-0.2314670830965042
-0.16755734384059906
0.20518802106380463
-0.25928837060928345
-0.11111538112163544
-0.0373443178832531
-0.02268749102950096
0.12951722741127014
-0.14254729449748993
0.1080169826745987
-0.23435534536838531
-0.025470104068517685
0.04408382996916771
0.0710349828004837
-0.21601805090904236
-0.07333573698997498
0.045623596757650375
0.49851498007774353
0.48490726947784424
1.0228911638259888
0.47974491119384766
3.809698971175902e-26
1.270216941833496
0.4629356563091278
0.4416657090187073
0.46262437105178833
1.4958348274230957
1.1566165685653687
1.0373424291610718
-1.8073955837890182e-19
-0.40097469091415405
3.0506510988206306e-16
0.5484713315963745
-0.3796350359916687
-6.104000659322756e-17
-0.274712473154068
0.03350730240345001
0.3264804482460022
0.26448410749435425
4
1
