2
1
2
20
20
0.03320012986660004
0.013955814763903618
5.814063479192555e-05
0.030102001503109932
0.012652769684791565
2.207818761235103e-05
-0.037166763097047806
-0.015628771856427193
-8.27546464279294e-05
0.028661973774433136
0.012042718939483166
3.117941378150135e-05
-0.013672148808836937
-0.005765849258750677
6.117700831964612e-05
-0.008469542488455772
-0.003517457051202655
8.705002255737782e-05
0.040704067796468735
0.01712002046406269
0.00010608686716295779
-0.0029446566477417946
-0.0011894403723999858
7.31298205209896e-05
-0.03864704817533493
-0.016252588480710983
-9.251869050785899e-05
-0.03551093488931656
-0.014929958619177341
-7.345390622504056e-05
0.01691063493490219
0.0071143945679068565
-3.9832240872783586e-05
-0.03398137539625168
-0.014286200515925884
-6.11099530942738e-05
0.014420697465538979
0.006073843687772751
-6.949375529075041e-05
0.04126882925629616
0.01735796220600605
0.00010941408982034773
-0.03131316602230072
-0.013162733055651188
-3.580025804694742e-05
0.0324409082531929
0.013634675182402134
5.5680091463727877e-05
-0.0020451003219932318
-0.0007884257356636226
0.00011351222929079086
-0.024093059822916985
-0.010122789070010185
-2.0074949134141207e-06
-0.0007125125848688185
-0.00027263571973890066
0.0003205199900548905
-0.015062302350997925
-0.006351272575557232
5.776241232524626e-05
0.18608492612838745
0.16872546076774597
-0.20837821066379547
0.16057033836841583
-0.07659000158309937
-0.04684435948729515
0.22823263704776764
-0.01620589569211006
-0.21668317914009094
-0.19907329976558685
0.09463326632976532
-0.19048812985420227
0.08073018491268158
0.23141668736934662
-0.1755349040031433
0.1817888617515564
-0.011076526716351509
-0.13492688536643982
-0.0038308403454720974
-0.0844433531165123
-0.00010626808943925425
-0.2479465752840042
-0.2248213291168213
0.2776711881160736
-0.21392156183719635
0.1020563468337059
0.062334198504686356
-0.3040817677974701
0.021502822637557983
0.2887032628059387
0.26523977518081665
-0.12609028816223145
0.25383052229881287
-0.10751958191394806
-0.308292418718338
0.23386704921722412
-0.24223902821540833
0.014687901362776756
0.179751917719841
0.005063185002654791
0.11244891583919525
0.0001004780933726579
-0.2540246546268463
-0.23038798570632935
0.2845067083835602
-0.21916987001895905
0.1045222207903862
0.06384322047233582
-0.3116016089916229
0.02204643189907074
0.2958471477031708
0.27175280451774597
-0.12915396690368652
0.2600632309913635
-0.11017657071352005
-0.31594932079315186
0.2396654486656189
-0.2482401430606842
0.015079467557370663
0.18413491547107697
0.00518959853798151
0.11528399586677551
9.868219785857946e-05
-0.14744310081005096
-0.13371609151363373
0.16511568427085876
-0.12722979485988617
0.06067795678973198
0.03711707890033722
-0.18086694180965424
0.012811876833438873
0.17170624434947968
0.15773260593414307
-0.0749877393245697
0.15093183517456055
-0.06397116929292679
-0.18337595462799072
0.13907457888126373
-0.14404287934303284
0.008752439171075821
0.10690979659557343
0.003033103421330452
0.06690546125173569
0.00011076343071181327
-0.25708532333374023
-0.23310379683971405
0.2878643572330475
-0.22180204093456268
0.10572366416454315
0.06465069949626923
-0.3152950406074524
0.022301476448774338
0.29936501383781433
0.27498453855514526
-0.13071705400943756
0.2631363868713379
-0.11145228892564774
-0.3196577727794647
0.24252818524837494
-0.25114285945892334
0.015198474749922752
0.18643231689929962
0.00524945231154561
0.1166127622127533
9.806902380660176e-05
-0.25961562991142273
-0.2354496866464615
0.2907448709011078
-0.22398898005485535
0.1068316176533699
0.06526658684015274
-0.31846046447753906
0.022575262933969498
0.3023754060268402
0.2777650058269501
-0.13198049366474152
0.26579996943473816
-0.11265812814235687
-0.3228653073310852
0.2449643313884735
-0.2536562383174896
0.015359384939074516
0.18827345967292786
0.005321256350725889
0.11780712753534317
9.722841787151992e-05
-0.2213689088821411
-0.20076730847358704
0.24787741899490356
-0.19101989269256592
0.09106229990720749
0.05570033937692642
-0.2715379297733307
0.019277410581707954
0.2577655613422394
0.23680642247200012
-0.1125698983669281
0.2266227900981903
-0.09599331021308899
-0.2752821147441864
0.20882156491279602
-0.21625956892967224
0.013094442896544933
0.16051608324050903
0.004549594130367041
0.10046549886465073
0.00010570492304395884
0.25373226404190063
0.23005804419517517
-0.2840712070465088
0.21891681849956512
-0.10441084951162338
-0.063783198595047
0.31115207076072693
-0.022026054561138153
-0.29540589451789856
-0.27139410376548767
0.1289888620376587
-0.2597007155418396
0.11005135625600815
0.31546592712402344
-0.23931480944156647
0.24786067008972168
-0.015009519644081593
-0.1838827133178711
-0.005192520562559366
-0.11507017910480499
-9.900824807118624e-05
0.04198877140879631
0.03809134662151337
-0.047017790377140045
0.03623184934258461
-0.017273660749197006
-0.010562058538198471
0.0515020377933979
-0.0036487088073045015
-0.048885371536016464
-0.044912926852703094
0.02135366015136242
-0.04298343509435654
0.01821161061525345
0.052202776074409485
-0.039602093398571014
0.04101606085896492
-0.0024878941476345062
-0.03044598363339901
-0.0008600025903433561
-0.019042212516069412
-0.0001265093742404133
-0.25193142890930176
-0.22846747934818268
0.28213804960250854
-0.21741953492164612
0.10368534922599792
0.06326477974653244
-0.30901220440864563
0.021943775936961174
0.2933978736400604
0.26951488852500916
-0.1281595677137375
0.2579110562801361
-0.10925634205341339
-0.31329476833343506
0.23768211901187897
-0.24613375961780548
0.01490474957972765
0.18271926045417786
0.005147304851561785
0.11430150270462036
9.922620665747672e-05
0.17915326356887817
0.1624666303396225
-0.20062094926834106
0.15459170937538147
-0.07374174892902374
-0.04504939913749695
0.2197435200214386
-0.015605337917804718
-0.208615243434906
-0.19163812696933746
0.0911107286810875
-0.1833900660276413
0.07766813039779663
0.22280240058898926
-0.16899681091308594
0.17501811683177948
-0.010612457990646362
-0.12988632917404175
-0.0036739446222782135
-0.08129153400659561
-0.00010939445201074705
0.16261807084083557
0.14746610820293427
-0.18210826814174652
0.14032472670078278
-0.06693381071090698
-0.04089764133095741
0.19947253167629242
-0.014128243550658226
-0.1893562227487564
-0.173967644572258
0.08270572125911713
-0.1664731204509735
0.07050701975822449
0.20225712656974792
-0.15337546169757843
0.15887364745140076
-0.009702055715024471
-0.11791224777698517
-0.0033482166472822428
-0.07377249002456665
-0.00010786186612676829
0.16378247737884521
0.1485171914100647
-0.1833997219800949
0.14132864773273468
-0.06741379201412201
-0.041229914873838425
0.20090150833129883
-0.014210846275091171
-0.19072826206684113
-0.17520858347415924
0.08329222351312637
-0.1676683872938156
0.07100546360015869
0.2036808431148529
-0.1544925570487976
0.16000331938266754
-0.009728945791721344
-0.11876082420349121
-0.0033510674256831408
-0.07431715726852417
-0.00010938587365671992
0.22804099321365356
0.2067931890487671
-0.25535693764686584
0.19678224623203278
-0.09380801022052765
-0.057399507611989975
0.2797103524208069
-0.019762903451919556
-0.2655431926250458
-0.2439565658569336
0.11597347259521484
-0.23345604538917542
0.09892050176858902
0.28363049030303955
-0.215138241648674
0.22279109060764313
-0.013544882647693157
-0.16535793244838715
-0.004676093813031912
-0.10349714756011963
-0.00010397496953373775
-0.04911307618021965
-0.04452090710401535
0.05499635636806488
-0.04238031059503555
0.020211314782500267
0.012360906228423119
-0.060237716883420944
0.004257985856384039
0.05718722566962242
0.05254090204834938
-0.02497665025293827
0.05026663467288017
-0.02128618024289608
-0.06105650216341019
0.04631577432155609
-0.0479736402630806
0.0029182457365095615
0.035589754581451416
0.001005355385132134
0.022280611097812653
0.00012034380051773041
0.03721602261066437
0.033752597868442535
-0.041701000183820724
0.03211328759789467
-0.01531684398651123
-0.009345395490527153
0.04564507305622101
-0.003227898385375738
-0.04333300143480301
-0.03981029987335205
0.018914515152573586
-0.03811018168926239
0.016146905720233917
0.04627388343214989
-0.0351133868098259
0.036353934556245804
-0.002183492761105299
-0.026981115341186523
-0.0007601335528306663
-0.016888584941625595
-0.0001333171530859545
0.19506557285785675
0.1769065260887146
-0.2184499353170395
0.1683156043291092
-0.08029715716838837
-0.04911748692393303
0.23927612602710724
-0.016968416050076485
-0.2271704077720642
-0.20868971943855286
0.09921596199274063
-0.1997050791978836
0.08463099598884583
0.24260088801383972
-0.18402418494224548
0.19058147072792053
-0.01156430784612894
-0.14145615696907043
-0.003999092150479555
-0.08852303773164749
-0.00010827428923221305
0.22635874152183533
0.2052915394306183
-0.2535102963447571
0.19531570374965668
-0.09315171092748642
-0.05696101114153862
0.27764594554901123
-0.019674507901072502
-0.2635779082775116
-0.24216650426387787
0.11510410904884338
-0.2317330688238144
0.09819097816944122
0.2815045118331909
-0.21354849636554718
0.2211090624332428
-0.01345111709088087
-0.16409218311309814
-0.004640771076083183
-0.10268136113882065
-0.00010349525837227702
-0.17622120678424835
-0.15982209146022797
0.19733795523643494
-0.15206170082092285
0.07250502705574036
0.04429700970649719
-0.21615134179592133
0.015315817669034004
0.2051980346441269
0.18851526081562042
-0.08961876481771469
0.18040192127227783
-0.07645684480667114
-0.21914857625961304
0.1662510335445404
-0.17215564846992493
0.010481889359652996
0.1277802586555481
0.0036110887303948402
0.07995378971099854
0.00010978933278238401
-0.1578371822834015
-0.1431356817483902
0.17674246430397034
-0.13618658483028412
0.06496576219797134
0.039708152413368225
-0.19360186159610748
0.013716936111450195
0.18379676342010498
0.16884920001029968
-0.08027084916830063
0.16157302260398865
-0.06844376772642136
-0.19629473984241486
0.14889192581176758
-0.15419574081897736
0.00935682374984026
0.1144394725561142
0.0032330406829714775
0.0716259628534317
0.00011017830547643825
-0.8148975968360901
1.087608814239502
1.1147006750106812
0.6452258229255676
1.1279563903808594
1.1393773555755615
0.9704328179359436
-1.1131041049957275
-0.18349570035934448
1.1053630113601685
-0.7845562696456909
-0.7117556929588318
-0.7169569134712219
-0.9998522400856018
0.214592844247818
-0.16267329454421997
-0.8546392917633057
-0.9925096035003662
0.7716854810714722
0.6908577084541321
0.010001005604863167
0
4
