2
1
2
20
20
0.005708381533622742
0.002239228691905737
0.047310829162597656
-0.012718125246465206
-0.00498195830732584
-0.005897977389395237
-0.026417680084705353
-0.010350573807954788
-0.00396755151450634
-0.030654393136501312
-0.01199818029999733
-0.002316490514203906
-0.02169097028672695
-0.008491679094731808
0.01053654309362173
-0.001920834998600185
-0.000751734827645123
0.009675087407231331
0.013948777690529823
0.005460130516439676
0.006671084091067314
0.00822994764894247
0.003224447136744857
-0.057946376502513885
0.02150191180408001
0.008415584452450275
0.005538604222238064
-0.008362904191017151
-0.003275567665696144
-0.004226789344102144
0.0191053356975317
0.00748177757486701
-0.006846912670880556
-0.033154722303152084
-0.012989426963031292
-0.0016194239724427462
-0.016492005437612534
-0.0064604138024151325
-0.0024815278593450785
0.044828034937381744
0.017579397186636925
0.000577557657379657
-0.006960919592529535
-0.002724267076700926
0.02388511225581169
0.019655073061585426
0.007699259556829929
0.0066837952472269535
0.021529898047447205
0.008426175452768803
0.006139429751783609
0.017377907410264015
0.006804320029914379
0.01158418320119381
0.019103549420833588
0.007487582508474588
-0.014429380185902119
-0.018761010840535164
-0.007346695754677057
0.001415845355950296
0.2726810574531555
-0.30030158162117004
-0.12259363383054733
-0.6154205799102783
-0.465835303068161
-0.028211209923028946
0.3087601363658905
0.24401074647903442
0.40397435426712036
-0.23967687785625458
0.344693124294281
-0.49605000019073486
-0.3422296941280365
0.9445292353630066
-0.14750294387340546
0.3336966633796692
0.4834348261356354
0.32669317722320557
0.397474467754364
-0.4007572531700134
-0.0030195750296115875
0.38175684213638306
0.25848388671875
-0.8268082141876221
-0.7010243535041809
-0.5549014210700989
-0.03632986918091774
-0.2691400349140167
0.31781601905822754
0.375600665807724
0.23493757843971252
0.8355765342712402
-0.7294557690620422
-0.06689465045928955
0.8777230381965637
-0.24017204344272614
0.7143551111221313
0.20692171156406403
-0.08893886208534241
0.3594791889190674
-0.10602650791406631
0.020214233547449112
-0.07300817221403122
0.2505330741405487
0.5038931965827942
0.6528601050376892
0.4657815098762512
-0.0846182331442833
-0.38785192370414734
-0.18043465912342072
-0.36237603425979614
0.20315685868263245
-0.5162513256072998
0.6989831328392029
0.326179176568985
-1.0308575630187988
0.15901055932044983
-0.439060777425766
-0.47644978761672974
-0.3492480218410492
-0.4912623465061188
0.3717671036720276
-0.003158720675855875
0.113090381026268
-0.16751112043857574
-0.42741185426712036
-0.5863164067268372
-0.4657190144062042
-0.04840932413935661
0.23734810948371887
0.4158889353275299
0.4038074016571045
-0.22832901775836945
0.4053686857223511
-0.6800611615180969
-0.394356906414032
0.9097697138786316
-0.14628301560878754
0.37194764614105225
0.4575953185558319
0.3584827184677124
0.386562705039978
-0.3136284649372101
0.01622099056839943
0.19064003229141235
-0.3547401428222656
-0.6041320562362671
-0.6413596272468567
-0.5234399437904358
-0.07533387094736099
0.275301992893219
-0.09206030517816544
0.4903779923915863
-0.24001865088939667
0.443779855966568
-0.33016833662986755
-0.41180098056793213
0.9379768967628479
-0.1657719910144806
0.45534250140190125
0.5175868272781372
0.4034002125263214
0.5351244807243347
-0.4295808672904968
-0.019279854372143745
0.13654327392578125
-0.3178976774215698
-0.6574275493621826
-0.7681800127029419
-0.5476938486099243
0.011251954361796379
0.2967856228351593
0.2206813097000122
0.5204465389251709
-0.2709740698337555
0.5057881474494934
-0.8184821009635925
-0.4950751066207886
0.4179020822048187
0.12021611630916595
0.4883989989757538
0.5506837368011475
0.4344300627708435
0.47931092977523804
-0.47216519713401794
-0.008290507830679417
-0.030883437022566795
-0.04360669478774071
0.36194148659706116
0.03750631585717201
0.20562998950481415
0.024260830134153366
-0.03522146865725517
0.019239552319049835
-0.31455758213996887
0.2599003314971924
-0.27386558055877686
0.4605375826358795
0.025762084871530533
-0.586349368095398
0.17153216898441315
-0.267940491437912
-0.33741894364356995
-0.17050550878047943
-0.25956958532333374
0.4239614009857178
0.003255777060985565
0.27821075916290283
-0.2576083242893219
-0.48809975385665894
-0.5915052890777588
-0.2972899377346039
0.018498413264751434
0.2799244523048401
0.19494496285915375
0.4002746343612671
-0.16260476410388947
-0.2831522524356842
-0.6470611691474915
-0.26064616441726685
0.9560420513153076
-0.08054608851671219
0.5060287714004517
0.5831553339958191
0.5211387276649475
0.5279324054718018
-0.4400446116924286
-0.021953297778964043
-0.17765098810195923
-0.19533728063106537
1.0822774171829224
0.8996954560279846
0.0721001997590065
0.07089593261480331
-0.17524707317352295
0.34423303604125977
-0.6623276472091675
-0.28670981526374817
-0.6977078318595886
0.9934211373329163
0.16262398660182953
-1.0082110166549683
0.17846240103244781
-0.8233059048652649
-0.3994651138782501
-0.5409602522850037
-0.19237689673900604
-0.39228370785713196
0.04861191287636757
0.13267569243907928
-0.3649415373802185
-0.6711434125900269
-0.7131617665290833
-0.5375468134880066
0.15515092015266418
0.3583926856517792
0.25516414642333984
0.5518386960029602
-0.10605419427156448
0.4994519352912903
-0.8923318982124329
-0.4088034927845001
1.1563509702682495
-0.19221685826778412
0.32733407616615295
0.5450489521026611
0.43128713965415955
0.447212815284729
-0.5051769614219666
0.000838617910631001
0.09684422612190247
-0.5589962005615234
-0.29911646246910095
-0.6001425981521606
-0.29227784276008606
-0.07609114795923233
0.27564358711242676
0.3006621301174164
0.22582723200321198
-0.19122940301895142
0.3775377571582794
-0.64394211769104
-0.32586586475372314
0.7794734835624695
-0.1413564532995224
0.3986426889896393
0.45556172728538513
0.18968729674816132
0.10277412086725235
-0.3699071705341339
0.003180854953825474
-0.14222349226474762
0.4732995629310608
0.5366647243499756
0.587103009223938
0.5475842356681824
0.07332353293895721
-0.5138622522354126
-0.16630835831165314
-0.47532814741134644
0.233187735080719
-0.45088595151901245
0.825816810131073
0.5449097752571106
-1.2240633964538574
0.22521854937076569
-0.45020514726638794
-0.5561006665229797
-0.35079485177993774
-0.4611555337905884
0.3677354156970978
0.0036603857297450304
-0.37566983699798584
0.4029902219772339
0.8803644776344299
0.9832899570465088
0.6886528134346008
0.07511881738901138
-0.4780372381210327
-0.17489558458328247
-0.724928617477417
0.3908926248550415
-0.359907329082489
0.9636577367782593
0.49338990449905396
-1.5137450695037842
0.2236684262752533
-0.616209864616394
-0.7033162713050842
-0.7325126528739929
-0.5315092206001282
0.5457671880722046
0.024161983281373978
-0.23297415673732758
0.5516064763069153
1.0863211154937744
1.247025489807129
0.791789174079895
0.07721122354269028
-0.571272611618042
-0.008083706721663475
-0.7334475517272949
0.3776402473449707
-0.7876240611076355
1.1114009618759155
0.5703161954879761
-1.7024062871932983
0.2812258303165436
-0.7419447898864746
-0.7794380187988281
-0.7263494729995728
-0.7173733115196228
0.6690554618835449
0.022357521578669548
-0.2605435848236084
-0.5981521606445312
-0.7464169263839722
-0.07850109785795212
-0.5239012837409973
-0.5374915599822998
0.28449949622154236
0.613915741443634
0.3961039185523987
-0.6282534599304199
-0.1519124060869217
-0.5093929767608643
-0.5282254219055176
0.8411887884140015
0.040440354496240616
-0.30202215909957886
0.04498178884387016
0.25427088141441345
0.6400160193443298
-0.8783450722694397
0.0526806078851223
0.10145135223865509
0.18265104293823242
0.7061300873756409
0.7264999747276306
0.5377177000045776
0.04753364622592926
-0.3751644194126129
-0.24328479170799255
-0.5676053166389465
0.09526846557855606
-0.4928019046783447
0.7826055884361267
0.4383684992790222
-0.9422584176063538
0.029347769916057587
-0.5346450805664062
-0.5550642013549805
-0.4494644105434418
-0.49091729521751404
0.5029311776161194
-0.009264488704502583
-0.17530404031276703
0.47004666924476624
0.39859986305236816
0.6879701614379883
0.5285164713859558
0.044508785009384155
-0.3192833960056305
-0.19878025352954865
-0.4682776927947998
-0.11981505900621414
-0.5596022605895996
0.6994853019714355
0.3354502022266388
-1.0389853715896606
0.06293243169784546
-0.4510168135166168
-0.4495849609375
-0.3823899030685425
-0.2920544147491455
0.3954383134841919
0.005068566184490919
-0.16841699182987213
-0.38033077120780945
-0.008731248788535595
-0.7773698568344116
-0.5393125414848328
-0.07287681847810745
0.28972914814949036
0.49388596415519714
0.3836134970188141
-0.4340864419937134
0.4804491102695465
-0.9226351380348206
-0.5658872723579407
1.1965638399124146
-0.34791457653045654
0.20243395864963531
0.6845584511756897
0.35396355390548706
0.5671310424804688
-0.8199915289878845
0.04312187805771828
-0.1542496234178543
0.3599284887313843
0.6687781810760498
0.7639273405075073
0.6013234257698059
-0.09227290749549866
-0.4759598672389984
-0.33336156606674194
-0.574955403804779
0.21791252493858337
-0.524329423904419
0.8539220690727234
0.4472200572490692
-0.9262816905975342
0.21816502511501312
-0.5514488816261292
-0.2871231436729431
-0.4792781174182892
-0.3144828677177429
0.5026474595069885
-0.002566116861999035
0.002075103111565113
0.05785571038722992
-0.5096668601036072
-0.5438196659088135
-0.3513868451118469
-0.029890870675444603
0.29294657707214355
-0.013559620827436447
0.45016589760780334
-0.06468643993139267
0.1941605806350708
-0.6141087412834167
0.044559016823768616
0.7113837599754333
-0.222333163022995
0.20208682119846344
0.4037376642227173
-0.04369368404150009
0.2780337333679199
-0.33643200993537903
0.0017771783750504255
-0.23060204088687897
-0.23873580992221832
0.26049771904945374
-0.23979781568050385
-0.259456068277359
-0.2683504521846771
0.14390064775943756
-0.23982571065425873
0.2824671268463135
-0.30669885873794556
-0.2190951108932495
0.3040271997451782
0.3891023099422455
0.463680237531662
-0.22021861374378204
0.2950270473957062
0.261011004447937
-0.3005903661251068
0.3006104528903961
-0.18715660274028778
0.00023068120935931802
0.0
4.0
