3
1
2
20
20
0.07665453106164932
-0.3458937406539917
0.22720377147197723
-0.750798761844635
-0.010953039862215519
0.03284817188978195
-0.0035572657361626625
0.17859525978565216
0.2587083876132965
-0.2528746426105499
-0.8343350291252136
-1.2903110980987549
-0.18637333810329437
-0.404765784740448
-0.052485037595033646
0.7362572550773621
-0.29283463954925537
-0.2459324449300766
-0.03827625513076782
-0.12412918359041214
0.30299460887908936
0.3247554898262024
0.1075970008969307
-0.023871837183833122
-0.4475167989730835
0.009706932120025158
0.39859867095947266
1.5629560947418213
-0.3152707517147064
0.027502430602908134
0.5322776436805725
0.1287599802017212
-0.47807684540748596
0.17453888058662415
-0.0018839400727301836
-0.9989089369773865
0.18082192540168762
0.021435944363474846
0.19317200779914856
0.7000288963317871
-0.07348313182592392
-0.5447287559509277
0.04267673194408417
-1.9241992235183716
0.029176542535424232
-0.4736187756061554
-0.22207701206207275
-0.8277329802513123
0.1766766756772995
-0.13378769159317017
-0.02764849178493023
0.30035024881362915
-0.05923862010240555
0.09824657440185547
0.4226168692111969
0.35883796215057373
-0.19940069317817688
0.12656764686107635
-0.13735798001289368
0.4277820885181427
0.26396358013153076
0.01679970696568489
0.07808773964643478
0.5403504967689514
0.05808001384139061
0.23249909281730652
0.6276950240135193
1.480159044265747
0.04068716987967491
0.39925616979599
-0.5133047699928284
1.0062373876571655
-0.4309512674808502
0.011477465741336346
0.24245353043079376
-1.9663928747177124
-0.147542342543602
0.10166896134614944
-0.023203972727060318
0.518000602722168
0.053441643714904785
0.0007197762024588883
0.0027190619148314
-0.008100567385554314
0.002661443781107664
0.0010845365468412638
0.008842685259878635
0.0014268088852986693
0.0038657202385365963
-0.07876745611429214
0.044264014810323715
-0.007915588095784187
-0.0021806403528898954
0.0016515889437869191
-0.0031259036622941494
0.003479358972981572
0.0005357187474146485
0.00866647344082594
0.03287627920508385
-0.02384978160262108
0.17859765887260437
-0.3924696743488312
0.007057851180434227
-0.4698058068752289
0.24971704185009003
0.013624635525047779
0.4857807457447052
-0.8854281306266785
0.009393762797117233
-0.0328972227871418
0.03230581432580948
-0.11040408909320831
0.3947072923183441
0.13827338814735413
-0.12685588002204895
0.07464239001274109
-0.014501173980534077
-0.18554314970970154
0.27543774247169495
7.705868685118841e-14
0.046363454312086105
0.8676907420158386
0.04423605278134346
0.08272061496973038
-1.4221324920654297
1.1719012260437012
0.11688729375600815
-0.17987549304962158
-0.9765529632568359
0.4440453350543976
1.1864097118377686
0.1438443511724472
-0.5837832093238831
1.2117871046066284
0.7060381770133972
-1.3442703485488892
0.4731881022453308
-0.3481675088405609
-2.131413698196411
1.6329470872879028
-0.00823948159813881
-0.011744706891477108
0.8893616795539856
0.0006407310138456523
0.0017896366771310568
-0.009066359139978886
-0.0691283643245697
-0.02601812779903412
0.00019027054077014327
0.02226809412240982
-0.07069535553455353
-0.03679197281599045
0.05406224727630615
-0.01613604836165905
-0.08788463473320007
-0.05959469452500343
-0.05165187641978264
-0.008514870889484882
0.060839250683784485
-0.011640078388154507
0.00017751098494045436
-0.012573291547596455
-0.00303472182713449
0.6256223320960999
0.09424574673175812
0.03717264160513878
-0.22392085194587708
-0.010464242659509182
-0.18080931901931763
-0.13796323537826538
-0.1770651489496231
0.48575282096862793
-0.15652257204055786
0.6138479113578796
-0.09808322042226791
-0.282728910446167
-0.08163182437419891
0.3092520833015442
0.1445157676935196
0.05607757717370987
0.525056004524231
-0.3853955864906311
-0.33587977290153503
0.23608994483947754
-0.7853744626045227
-0.02031136304140091
0.00036244644434191287
-0.014677965082228184
0.005997090600430965
0.0017189655918627977
0.012796531431376934
0.007067438680678606
0.004197507165372372
0.0030545173212885857
0.01796874962747097
-0.021746141836047173
-0.011891390196979046
0.006455008406192064
-0.0017698906594887376
0.007026793900877237
0.015841031447052956
0.01097531896084547
0.001506452215835452
-0.011872022412717342
0.006640618201345205
0.30345720052719116
-0.18822841346263885
0.030061909928917885
-0.5923765897750854
0.27493271231651306
0.193044975399971
0.18284308910369873
-0.6112027168273926
0.26317453384399414
0.362687885761261
0.07873007655143738
-0.13568556308746338
0.21696417033672333
0.28867700695991516
-0.31090909242630005
0.24742750823497772
0.16624042391777039
-0.45393311977386475
0.03886861354112625
-2.574434802227188e-05
0.17637686431407928
0.6208613514900208
-0.16231998801231384
0.02604241669178009
-0.16245582699775696
-0.19196784496307373
-0.33905795216560364
-0.029556266963481903
-0.23378323018550873
0.6885864734649658
-0.36071112751960754
0.42024320363998413
-0.3147493004798889
-0.5790370106697083
-0.245618999004364
0.5325837731361389
-0.09570988267660141
-0.02794722653925419
0.819071352481842
-0.7484042644500732
-0.458158403635025
0.12753915786743164
-0.10252990573644638
0.003898948896676302
0.01884911209344864
-0.7163857817649841
0.5074180364608765
0.14189283549785614
-0.1293552666902542
-0.634859025478363
0.22688737511634827
0.39220407605171204
0.07710820436477661
-0.23172345757484436
0.44355928897857666
0.27231112122535706
-0.413504421710968
0.18534991145133972
-0.02282635308802128
-0.8557682633399963
0.44910097122192383
-0.0007465324597433209
0.12347725033760071
0.6250118017196655
0.011636744253337383
0.012133583426475525
-0.07569975405931473
-0.01726672239601612
-0.1269523650407791
-0.04030117765069008
-0.10858620703220367
0.3041815161705017
-0.12435611337423325
0.17986483871936798
-0.0670587569475174
-0.15332411229610443
-0.04156980291008949
0.21441587805747986
-0.0060418942011892796
0.031500063836574554
0.37983593344688416
-0.2679539620876312
-0.15835022926330566
0.0652085617184639
-0.33818528056144714
-0.017965255305171013
0.0019392292015254498
-0.016517849639058113
-0.19669458270072937
-0.09043017774820328
0.04632561281323433
0.09142810851335526
-0.1400519460439682
-0.0895046815276146
-0.017763882875442505
-0.028222134336829185
-0.10207127034664154
0.006410387344658375
-0.1065315306186676
-0.024692749604582787
0.056527432054281235
-0.08908084034919739
0.020856210961937904
-0.0014681897591799498
0.0017617789562791586
0.6509918570518494
-0.6712284088134766
0.09101599454879761
-1.0051906108856201
0.4440237879753113
0.5363420844078064
1.0824881792068481
-1.0278984308242798
0.5240458250045776
0.6695682406425476
0.24692483246326447
-0.3222287595272064
0.6424684524536133
0.34149226546287537
-0.43638190627098083
0.43398043513298035
0.30852246284484863
-0.5558162331581116
0.13107141852378845
-0.004902241751551628
0.3256334960460663
0.48756787180900574
-0.2373393028974533
0.01829029619693756
-0.2542918920516968
0.17519088089466095
0.10045908391475677
0.2565772235393524
-0.46678927540779114
0.2432762086391449
0.3216414451599121
0.03589903190732002
-0.0920637845993042
0.12848880887031555
0.14990083873271942
-0.0823153704404831
0.17462022602558136
0.059871185570955276
-0.18607982993125916
0.08365074545145035
0.0036454794462770224
0.14547613263130188
0.43002229928970337
-0.041262682527303696
-0.0037140005733817816
-0.01870705932378769
-0.06117365509271622
-0.02600248157978058
-0.0068460265174508095
-0.007192297838628292
0.13330711424350739
-0.0030856854282319546
-0.03432271257042885
-0.07258137315511703
-0.04245605319738388
-0.03959009051322937
0.008907691575586796
0.0006163736688904464
-0.11073184013366699
-0.09010013192892075
0.04528098925948143
-0.036532364785671234
0.006717836018651724
1.0616858005523682
-0.8971379399299622
-0.08310360461473465
1.2659580707550049
0.5207697749137878
-1.2371723651885986
-1.6183197498321533
-0.3178771436214447
1.341920256614685
-1.0219173431396484
0.15886005759239197
-1.0982797145843506
-1.13983154296875
0.06410246342420578
0.8798837065696716
-0.9551334381103516
-0.8713234066963196
0.6108333468437195
0.9845472574234009
-1.1883940696716309
-0.32281991839408875
0.3578265607357025
0.5220157504081726
0.04061564803123474
-1.952607274055481
0.7339083552360535
-0.10781757533550262
0.24642513692378998
-0.40036144852638245
0.9560663104057312
-0.5995718836784363
0.49776795506477356
0.05166599527001381
0.3786608874797821
-0.1037089005112648
-0.009757382795214653
-0.2606569230556488
0.12176519632339478
0.091387078166008
-1.1481211185455322
-0.8716618418693542
0.07188460230827332
0.4477574825286865
0.6165806651115417
-0.05372590199112892
1.103594183921814
0.020549163222312927
0.4251096546649933
-0.2804895341396332
0.3536089062690735
-0.5026477575302124
0.6850986480712891
-0.030909163877367973
0.8436983823776245
0.48955875635147095
0.21700826287269592
0.4731351435184479
0.10047552734613419
0.47246426343917847
0.2162722796201706
-0.9535545110702515
0.5567626953125
-0.18991419672966003
-1.7658917903900146
-0.008897941559553146
0.0013822451001033187
-0.0030352750327438116
-0.0010829535312950611
-0.0019309899071231484
-0.003772169351577759
0.003955892752856016
-0.07343129068613052
-0.02053799293935299
-0.03154624253511429
0.03503139317035675
-0.00665783416479826
-0.002957510994747281
0.0012941636377945542
0.0006506481440737844
-0.012828677892684937
0.030773546546697617
-0.024958839640021324
0.001776683027856052
0.0015387259190902114
0.27494361996650696
0.9327991604804993
-0.03890463709831238
1.757806420326233
-0.514889657497406
0.940746545791626
0.3055608868598938
1.4031548500061035
-1.5616252422332764
-0.14060255885124207
-0.015050981193780899
1.4552563428878784
0.6797703504562378
0.09290417283773422
0.31594958901405334
-0.06347392499446869
0.6252882480621338
0.7624310851097107
0.3635431230068207
1.122467041015625
-0.3577831983566284
0.023305708542466164
-0.1606256067752838
0.01034636702388525
-0.016443101689219475
-0.730465829372406
-0.19182534515857697
0.24004092812538147
0.41696128249168396
0.02226172760128975
-0.09725738316774368
-0.6581662893295288
-0.007819466292858124
-0.4504760205745697
-0.15308693051338196
-0.25207260251045227
-0.06203493848443031
-0.08338771015405655
-0.03797094151377678
0.9093099236488342
0.47954413294792175
-0.0002726426173467189
1.5595179796218872
-0.005774733144789934
0.13063980638980865
0.522097647190094
0.002471278188750148
0.14315496385097504
0.0015901651931926608
0.1395835280418396
0.23152278363704681
0.1880846619606018
0.08330507576465607
-0.03139014169573784
0.31423214077949524
0.07615023851394653
0.011802112683653831
0.5177052617073059
0.3541465699672699
-0.3132251501083374
-0.003624913515523076
-0.45408016443252563
-0.17028971016407013
-0.058213070034980774
