4
1
2
20
20
-6.242190508018186e-39
-5.5088517852800085e-39
6.488712539056065e-41
-2.973436230927794e-39
-0.3556560277938843
0.0008667282527312636
0.00023814804444555193
-0.0006905648624524474
-0.001295768772251904
1.0145950317382812
0.0029852567240595818
0.0008315049926750362
-0.002416812814772129
-0.004562997724860907
0.4283939003944397
0.0018066000193357468
0.0004995726048946381
-0.0014554184162989259
-0.002745545469224453
0.9483801126480103
-1.024054904743933e-40
-4.8809845940561666e-39
2.1344746364411333e-39
4.2684406015397166e-39
-0.7134160399436951
0.004990519490092993
0.0013750818325206637
-0.004016667604446411
-0.0075785499066114426
0.7173219919204712
0.001632228959351778
0.0004521234950516373
-0.0013015976874157786
-0.0024630078114569187
1.0113775730133057
-6.631703836952698e-39
-4.6758176832974415e-39
-7.926520433570401e-39
-6.6409580120111e-39
-0.35076904296875
-8.838930807542056e-05
-2.682940976228565e-05
7.750537770334631e-05
0.0001376884465571493
0.7634525299072266
4.530197549481735e-39
-4.10780555467877e-39
4.159199577156347e-39
-1.1704933968628051e-39
-0.20848983526229858
0.0006980043835937977
0.0001926898694364354
-0.0005586317274719477
-0.0010551598388701677
0.4940192997455597
-0.007991153746843338
-0.0022057362366467714
0.00643057469278574
0.012127951718866825
1.0376296043395996
-0.0009394396911375225
-0.0002742595097515732
0.0007603442645631731
0.0014333707513287663
0.48647257685661316
0.007107460871338844
0.001960527151823044
-0.0057185133919119835
-0.01080315187573433
0.7780786156654358
0.0027228037361055613
0.0007595331408083439
-0.002203580690547824
-0.004158365540206432
0.6622998118400574
0.00033193588024005294
0.00010513528104638681
-0.0002672305563464761
-0.0005029562744311988
1.2455079555511475
-8.365177299648785e-40
9.220866193904091e-39
-1.9259838457250297e-39
6.586111190117426e-39
-0.6327701807022095
-2.2162404018344863e-39
-6.066115954677309e-39
-9.320307938126437e-39
4.391739452117193e-39
-0.5468077063560486
6.31468948666696e-39
1.1357203156004312e-38
1.7953562041791346e-39
-1.0573143034051433e-38
-0.5317756533622742
-0.00011232533870497718
-3.9584167097928e-05
8.859151421347633e-05
0.000172055559232831
0.8228561282157898
-7.93801427789731e-06
0.00020008788851555437
-2.7588432298213117e-14
-5.60189837415237e-05
-1.4910982315541332e-07
0.0007085966062732041
5.650275169619134e-13
-6.78513060847763e-06
-5.468738458499871e-14
-4.61775442772705e-07
0.0015160556649789214
-1.210373852700286e-06
-2.3714916096650995e-05
2.481625473692295e-13
-0.0016293323133140802
-1.0883303330993659e-23
-6.447001396736596e-06
6.102719919036728e-16
-0.00032549744355492294
-8.80577863426879e-05
-0.4614184498786926
-1.4157898853284223e-08
3.2890995498746634e-05
0.0011077187955379486
1.41391883516917e-05
-0.00030871041235513985
0.004238911904394627
0.0008076347294263542
8.050892574829049e-07
6.460069812419533e-08
-0.007604153361171484
0.0036560650914907455
0.0011762817157432437
-8.16107785794884e-05
-0.0005220103194005787
5.236824290477671e-05
-2.8759875476680463e-06
0.007044588215649128
0.0015728205908089876
0.0018109144875779748
-0.002201133407652378
-0.6255260705947876
-2.9656458495549987e-13
-5.750981472374406e-06
-0.0001188796668429859
6.011245204717852e-06
-1.3229093384983792e-12
2.823298359544424e-07
5.136983406458838e-19
6.671650037981536e-11
0.0005620438023470342
-0.0001412350538885221
-0.0004599667154252529
-0.00024915742687880993
3.1516420508779806e-25
-8.131765275005662e-18
6.432664412014896e-37
-2.4350742776346745e-12
-0.0002379629440838471
9.08661459106952e-05
7.360046295343702e-20
-0.002877234946936369
-0.221698597073555
8.450986399566318e-08
0.12511834502220154
0.3817337453365326
0.24012665450572968
4.36445439788713e-08
0.6277873516082764
0.22241507470607758
-4.8888740167285505e-08
0.007845031097531319
2.88716295315794e-09
0.09352249652147293
-0.9589257836341858
-0.1060640960931778
0.8862583637237549
0.35045871138572693
0.0644029751420021
4.16620116183708e-09
-3.1105985842661e-11
4.4433009355193676e-11
0.0030872628558427095
0.7080863118171692
6.470798780355835e-06
-0.00023563200375065207
1.0290240492282753e-38
-1.3193227066388147e-10
0.0014334191801026464
-2.734035297180526e-05
2.8281925779083394e-07
6.490579068610546e-37
-0.000159477349370718
-0.0010919389314949512
2.0406290407675907e-30
-0.0014054222265258431
-0.000494683044962585
2.781942326016395e-26
-0.0015389143954962492
3.9481410406770747e-22
2.3620604916377654e-23
-1.7503838841480496e-37
-0.0005100836860947311
1.8080061892078447e-08
-0.33775702118873596
6.590356786771029e-14
-0.0002021291438722983
-0.0006198847549967468
-0.0003924508346244693
-2.6228546630591154e-05
-0.000989859108813107
-0.0003496287390589714
5.106405647130462e-27
-7.290558187378338e-06
-2.0052300897077657e-05
-0.00015672200242988765
0.0015293651958927512
0.00017293494602199644
-0.001956248190253973
-0.0005729557597078383
-0.0016581881791353226
-7.136846669197894e-10
6.434740384975157e-07
1.4380979632964511e-39
-4.51667801826261e-06
0.013767705298960209
2.89656031782215e-06
0.2546977996826172
0.6729106903076172
0.43148937821388245
9.828079055296257e-05
1.1068634986877441
0.410934180021286
-2.1608061615552288e-06
0.013524713926017284
2.3578825221193256e-06
0.18231409788131714
-1.7019662857055664
-0.19626429677009583
1.5643895864486694
0.6258572340011597
0.11987722665071487
-0.0044148508459329605
6.578010243174504e-07
-0.00017573950754012913
0.009119692258536816
0.8137063384056091
5.3600571845890954e-05
-0.0031718153040856123
-6.159311394249301e-10
8.576404297855333e-08
0.0013792525278404355
-0.0004632801574189216
1.139952354733964e-09
3.057548667584342e-07
-2.9691057079617167e-07
0.00014123729488346726
-1.9078081095358357e-05
-0.001069074496626854
-0.0007189845782704651
9.06681685026306e-14
1.750126870092572e-07
-1.9856193830491975e-05
-5.414989118435187e-06
-7.187991073571447e-17
8.957138925325125e-05
0.002690202323719859
-0.24812161922454834
-8.229744707932696e-05
-5.207150479691336e-06
0.0027259972412139177
-1.9096030428045196e-06
0.002839423483237624
0.00019979619537480175
1.909103986008631e-09
1.867617616113648e-09
2.9778297605531634e-09
-0.0016694329679012299
2.2019694512209753e-08
1.5044762039905651e-13
-0.0010223161661997437
-4.156266264212724e-16
1.23518999473049e-08
-5.175033584237099e-05
-0.0023621160071343184
8.534286558697923e-13
7.803856760801864e-07
-0.0005548988119699061
-0.5358250737190247
3.065711364860789e-36
-4.626381632988341e-05
2.0332223533645303e-18
6.059715988541992e-13
0.00046154341544024646
5.406900881713042e-16
1.6761840760799967e-15
1.428623335186785e-07
3.302456401700936e-27
-4.480606094148243e-06
-7.312585694307927e-06
1.510126105661211e-37
-0.00018601460033096373
-0.001436814432963729
8.669159953702404e-14
3.1076439753744323e-16
0.0018917048582807183
0.00021984240447636694
0.0016209521563723683
6.240505172172561e-05
-0.14737965166568756
-1.3840169231116306e-05
0.04781775176525116
0.1446981430053711
0.09171430766582489
-0.00024134793784469366
0.2391233891248703
0.0840410515666008
0.00014963813009671867
0.0012898441636934876
-7.487729362765094e-06
0.03658684715628624
-0.36348921060562134
-0.04033896327018738
0.33764511346817017
0.13285547494888306
0.024817178025841713
1.020721285271975e-09
0.0015481091104447842
-3.8070043046900537e-06
-0.0008996198303066194
0.581737220287323
0.00019883383356500417
0.3291378915309906
0.9885636568069458
0.624869704246521
2.777285734723023e-09
1.6653162240982056
0.5902262330055237
-1.767349711023769e-09
0.01825054921209812
-4.227763952258101e-07
0.25675877928733826
-2.5488691329956055
-0.2830786406993866
2.3574018478393555
0.9144386649131775
0.14817024767398834
2.7717073081134913e-10
-2.3199993138487687e-15
2.1071896126861195e-14
0.004370715469121933
1.0200090408325195
1.486497903935291e-11
0.05093710497021675
0.1537855863571167
0.09733790159225464
-0.0005599212599918246
0.25399675965309143
0.08833480626344681
1.644252165533544e-06
0.0022069767583161592
-4.3792024229105664e-08
0.03861415758728981
-0.38508254289627075
-0.043084003031253815
0.35902470350265503
0.14274071156978607
0.026428023353219032
0.00048380583757534623
-4.66628923001533e-11
4.239371875769393e-08
-0.0007757089915685356
0.772381067276001
-4.893088771495968e-06
-0.27752864360809326
-1.240216612815857
-0.6974647641181946
-1.1123869529541334e-36
-2.0571095943450928
-0.582527220249176
-2.7330095690558665e-05
0.1119093969464302
-1.1100637493655086e-05
-0.2550729811191559
3.481401205062866
0.4411632716655731
-2.9477756023406982
-1.1117717027664185
-0.04305633157491684
-8.242356852861121e-05
3.619607741711661e-05
4.71285591519271e-17
0.1098596602678299
3.2467973232269287
1.3694421596710527e-08
0.03623056411743164
0.0935535654425621
0.06119421869516373
-0.0008349765557795763
0.15726931393146515
0.05758359283208847
-8.55040161695797e-06
0.0010994701879099011
-1.5915061339910608e-06
0.02439795434474945
-0.24325193464756012
-0.0269686970859766
0.2261672019958496
0.08918747305870056
0.01661866344511509
5.159477112215427e-08
-0.0005899922107346356
3.756723820913521e-10
0.0023698718287050724
0.8446006774902344
9.637742914492264e-05
0.14076800644397736
0.4201911985874176
0.27079495787620544
0.0013189013116061687
0.6972834467887878
0.2484147846698761
-0.0017666624626144767
0.005865927319973707
-0.0011531466152518988
0.11730680614709854
-1.0675358772277832
-0.11816319823265076
0.9886258244514465
0.38270291686058044
0.072260282933712
-0.005254225805401802
-0.0005988537450321019
6.745377959305188e-06
0.0023534309584647417
0.8137847185134888
0.0048037380911409855
0.045894525945186615
-0.2253035008907318
-0.04960200935602188
0.002418119227513671
-0.3692607581615448
-0.046961355954408646
3.406976389896954e-08
0.07923906296491623
1.9324556888022926e-06
-0.014681100845336914
0.8202797770500183
0.12942442297935486
-0.552977979183197
-0.17673853039741516
0.11155180633068085
-4.877262654190417e-06
-0.0015477839624509215
0.008822167292237282
0.10097425431013107
-0.17058023810386658
8.202943718060851e-06
0.22165223956108093
0.655543327331543
0.4284699261188507
-0.0006106771761551499
1.0821154117584229
0.4107699990272522
-0.00011782575893448666
0.01632465422153473
-0.0028406085912138224
0.1365826278924942
-1.6007413864135742
-0.16278892755508423
1.536698341369629
0.6107828617095947
0.16641125082969666
4.5223212509881705e-05
0.000566900591365993
0.00019233512284699827
0.01010666973888874
1.0236616134643555
6.843772098363843e-06
0.06345406174659729
0.1955677568912506
0.12197908759117126
-8.54056270327419e-06
0.3183656930923462
0.11219262331724167
-1.4712717155695998e-10
0.0030013308860361576
3.090736208832823e-05
0.0488465242087841
-0.4833611249923706
-0.05365286022424698
0.44879165291786194
0.17630237340927124
0.03319869562983513
2.5857781338345376e-07
-3.7342271635987245e-11
8.909317728011956e-09
0.0021816727239638567
0.7003340125083923
0.0032627114560455084
0.00013712648069486022
2.5237953948931136e-09
1.1145370182319425e-09
-9.617561087804649e-12
1.3920256947130838e-07
2.0878675854874018e-07
-1.7099884841442758e-09
-4.320220978115685e-05
-3.8391543057514355e-05
-0.0003655800537671894
6.9047850104198e-08
-0.0003850631765089929
-4.210358284240101e-08
-1.4353960068547167e-05
1.4897963751536736e-07
-2.035177658399334e-06
0.0035926024429500103
-3.2298874685920964e-08
-3.082468992943177e-06
-0.18511687219142914
-4.448699748088096e-31
-1.1860171071020886e-05
3.3708985655310353e-38
0.338592529296875
-3.9359993564602257e-38
-0.0005999214481562376
0.5986688733100891
-6.02576264441268e-08
-3.846077589741981e-08
-2.7695117113875395e-38
0.12897399067878723
0.8920919299125671
0.13726311922073364
-1.142224907875061
0.08654143661260605
0.37661445140838623
-0.2288224846124649
0.5773427486419678
0.1717650443315506
-9.722049071569927e-06
0.9728689193725586
10.0
1.0
