4
1
2
20
20
-0.008215842768549919
0.003499123966321349
0.006182046607136726
0.0011953559005632997
-0.18550419807434082
0.19781063497066498
0.06443072855472565
-0.16797706484794617
-0.3353227972984314
0.7766554951667786
0.013927803374826908
0.00011156770051456988
-0.0014404896646738052
0.0014059419045224786
-0.19744932651519775
-0.05192958563566208
-0.018917759880423546
0.042680732905864716
0.06685138493776321
0.06357312202453613
0.35406172275543213
0.09972386062145233
-0.3162364661693573
-0.481411874294281
1.2312120199203491
-0.18314552307128906
0.004852926824241877
0.2057138979434967
0.2193022519350052
0.09420423209667206
-0.09412573277950287
0.19501154124736786
-0.047208406031131744
-0.22641246020793915
0.4603143036365509
-0.12952347099781036
-0.0014739593025296926
-0.22908107936382294
0.23087508976459503
-0.21977052092552185
0.24213193356990814
0.07463275641202927
0.009957386180758476
-0.3501588702201843
0.8969550132751465
-0.02111876755952835
-0.0022460962645709515
-0.08667302131652832
0.03401374816894531
0.18720649182796478
-0.07509689778089523
0.23014883697032928
0.12185138463973999
0.014591933228075504
-0.16844210028648376
0.16350394487380981
0.07368851453065872
-0.24388448894023895
-0.33021482825279236
0.924636960029602
0.24303360283374786
-0.01819024793803692
-0.20162652432918549
-0.33517611026763916
0.8533661365509033
-0.08454429358243942
0.006397629156708717
0.0658472403883934
0.0845927968621254
0.10517267137765884
-0.06048494577407837
0.2773134112358093
-0.003048752434551716
-0.02848796732723713
-0.235701784491539
0.3099116384983063
0.0882629007101059
-0.21983055770397186
-0.40468570590019226
1.0755990743637085
-0.07304491102695465
-0.028895236551761627
-0.011243671178817749
0.15499718487262726
0.05201178044080734
0.009358808398246765
-0.00956493429839611
0.11361797899007797
0.14764831960201263
-0.32337260246276855
-0.12532112002372742
0.002506235148757696
0.1491645872592926
-0.24482008814811707
-0.33925661444664
-0.02731163799762726
-0.004111933056265116
-0.016575876623392105
0.017421741038560867
-0.1456136256456375
0.34271174669265747
-0.42595478892326355
0.07239846140146255
-0.4532625675201416
-0.05341621860861778
-0.19463816285133362
-0.5356357097625732
-0.09702219814062119
-0.010931449942290783
-0.07973849028348923
0.026615208014845848
0.00018007356266025454
-0.5204340815544128
-0.171239972114563
4.192788782830803e-09
-0.5792790651321411
0.012137203477323055
0.31352129578590393
-0.027002915740013123
-0.021430756896734238
0.27620643377304077
0.4609220623970032
-0.3249247968196869
0.1017499789595604
-0.4643111228942871
0.17809835076332092
0.8132687211036682
0.3380530774593353
-0.262921541929245
-0.368755966424942
0.5961861610412598
0.590582013130188
0.30127304792404175
0.08137743175029755
0.48866817355155945
-0.11769850552082062
-0.5609471797943115
0.26701217889785767
0.002211993560194969
0.13625238835811615
0.1834298074245453
0.08148364722728729
0.00658871466293931
1.2137552499771118
-0.5139390826225281
-0.41566529870033264
1.597060203552246
-0.6505681872367859
0.534389317035675
-0.2806249260902405
0.7069194912910461
0.014446000568568707
-0.0803639367222786
0.9241951107978821
1.0921872854232788
-0.14694194495677948
0.169661283493042
1.2655773162841797
-0.3114655613899231
-0.10341611504554749
-0.027903074398636818
0.412156343460083
0.4848851263523102
-0.05869213119149208
0.7659276723861694
-0.47544193267822266
-0.09999168664216995
1.464566707611084
-0.3525985777378082
-0.304663747549057
-0.06614223122596741
1.2227424383163452
0.5494135618209839
0.03130935877561569
1.1426703929901123
1.09535813331604
-0.910180389881134
-0.2841569781303406
0.7307069301605225
0.0035254789981991053
-0.4300277829170227
-0.49084463715553284
0.22773617506027222
0.21472029387950897
0.27498117089271545
0.5697837471961975
0.07711929827928543
0.006343148648738861
0.335332989692688
-0.02388066239655018
-0.16265274584293365
-0.43082526326179504
-0.803744375705719
-0.036626361310482025
0.019758792594075203
-0.09571938216686249
-0.18656916916370392
-0.26728004217147827
-0.06441013514995575
0.9986878037452698
-0.04434701427817345
-0.015773462131619453
-0.18695558607578278
-0.009063737466931343
-0.027759285643696785
-0.149672269821167
-0.635653018951416
0.5322468876838684
0.189292311668396
0.47318729758262634
0.34907597303390503
-0.13857954740524292
0.05909707024693489
-0.3788544535636902
-0.7112987637519836
0.5322162508964539
-0.76654052734375
0.3575296401977539
-0.4561452269554138
0.3251923620700836
-0.17800508439540863
0.48929303884506226
0.6653260588645935
0.1785939484834671
0.8041179180145264
-0.34270572662353516
-0.317501425743103
0.9798694849014282
0.6447900533676147
-0.17382387816905975
0.7586608529090881
-0.9792178869247437
0.6555978655815125
-0.21817412972450256
1.264706015586853
0.21021485328674316
-0.41875389218330383
1.0000697374343872
0.41625258326530457
0.06779646128416061
0.03517699986696243
0.6719157695770264
-0.503654420375824
-0.08546938002109528
-0.05755273625254631
-0.0026199566200375557
0.31963828206062317
0.6520802974700928
-0.2121710628271103
0.18230976164340973
-0.582434356212616
1.118322491645813
-0.9680311679840088
0.3292657434940338
-0.2765670120716095
0.8641319870948792
-0.18705828487873077
0.44435355067253113
0.16276220977306366
0.9806439876556396
0.5430877208709717
0.05986395105719566
0.7706326246261597
0.6280893683433533
-0.36513838171958923
0.7696443200111389
-0.37446409463882446
0.2637527883052826
0.8476620316505432
-0.2578338384628296
0.24815233051776886
-0.4400867819786072
0.10192320495843887
1.165997862815857
-0.010932337492704391
0.26268962025642395
0.446908563375473
-0.05582042038440704
-0.6585986018180847
-0.5479198694229126
0.6258225440979004
0.09170766174793243
1.2275867462158203
-0.7625364661216736
0.355310320854187
-0.043527886271476746
0.27445653080940247
0.8508263230323792
0.2569577097892761
0.22565855085849762
0.06360699236392975
0.10103301703929901
0.12183616310358047
-0.12314779311418533
-0.3410589098930359
-0.022939056158065796
0.4685370922088623
0.3761778473854065
-0.4640542268753052
-0.02861076407134533
-0.12214218825101852
0.8190852403640747
0.22331519424915314
-0.1332588493824005
0.9283425807952881
-0.3287724256515503
0.07335007190704346
-0.22843381762504578
0.03362887725234032
0.02974761463701725
0.25782254338264465
-0.15743543207645416
0.0746874213218689
0.00487202312797308
0.14249910414218903
0.08072928339242935
-0.28120508790016174
-0.21494778990745544
-0.23118561506271362
-0.16604487597942352
0.3737542927265167
-0.18419577181339264
0.19248011708259583
-0.12550131976604462
0.4585851728916168
-0.21904580295085907
0.19170650839805603
-0.32165631651878357
-0.04094159975647926
0.17750990390777588
-0.02625931426882744
-0.09530047327280045
0.01807919330894947
0.4576594829559326
0.13593141734600067
-0.07530155777931213
-0.35373955965042114
-0.04044092819094658
-0.09992396831512451
-0.1452770084142685
-0.42052018642425537
0.5386584997177124
0.4096876382827759
0.6300980448722839
-0.4935314655303955
0.23516389727592468
0.1646377593278885
-0.26318585872650146
-0.11186665296554565
0.2417101263999939
0.725095272064209
0.16015811264514923
-0.228083997964859
0.3248392939567566
0.5392314195632935
0.1117645651102066
1.016493797302246
-0.6805639266967773
0.3833942115306854
0.23481224477291107
0.4809499680995941
0.029047708958387375
0.3292712867259979
0.6844742298126221
0.613533616065979
0.06484652310609818
-0.8037562370300293
0.8504115343093872
-0.26910996437072754
-0.24230414628982544
0.6482446193695068
-0.711630642414093
0.19910398125648499
-0.045453086495399475
-0.04766315221786499
-0.24172496795654297
0.2590862214565277
0.061424028128385544
0.2472832202911377
0.20705342292785645
-0.11864633113145828
0.012387486174702644
-0.40797629952430725
0.15603552758693695
-0.16703060269355774
-0.06704539805650711
0.32642507553100586
0.05104336142539978
0.5458265542984009
-0.46798175573349
0.4277764856815338
-0.5161120891571045
0.04404652118682861
0.06801196187734604
0.24225465953350067
-0.27628293633461
0.44364967942237854
0.21453112363815308
0.2984606623649597
0.43473708629608154
-0.32895785570144653
-0.4443303942680359
0.1590033322572708
-0.19875182211399078
-0.5632006525993347
-0.04257642850279808
-0.08974969387054443
-0.21819336712360382
-0.01093668770045042
-0.377724289894104
-0.06469772011041641
0.4508671760559082
0.48543834686279297
0.5881466269493103
-0.26927730441093445
-0.010712924413383007
-0.1356816291809082
0.64384526014328
-0.003256940981373191
-0.414425790309906
-0.25379592180252075
-0.2011275440454483
0.8742635250091553
0.44548889994621277
-0.4093048572540283
-0.007081757299602032
0.2547840178012848
0.452841192483902
-0.21437163650989532
0.04847202077507973
-0.2406701147556305
-0.5149406790733337
0.5254597067832947
-0.020051604136824608
-0.6300652623176575
-0.3258052170276642
0.3406224250793457
0.20481549203395844
-0.450175404548645
0.3136616051197052
0.561187207698822
0.07878981530666351
-0.44635018706321716
-0.10529360920190811
-0.3428560793399811
-0.35625043511390686
-0.10237107425928116
-0.26802778244018555
-0.3770124912261963
-0.04004332795739174
0.22485792636871338
0.22740790247917175
0.5023494362831116
0.22446180880069733
-0.40019237995147705
0.20353852212429047
-0.011614947579801083
-0.06519919633865356
0.6905689239501953
-0.29585522413253784
-0.1120556890964508
1.138018250465393
0.3494330644607544
-0.011844263412058353
-0.06291279196739197
0.27754446864128113
-0.5991138815879822
-0.5779033303260803
0.1032276526093483
0.861829400062561
-0.11664571613073349
0.39101138710975647
0.8419353365898132
-0.19747035205364227
0.026997148990631104
0.05280732735991478
0.0287166777998209
0.12864577770233154
0.06963799148797989
1.0408999919891357
-0.21625037491321564
-0.11418312042951584
1.2453969717025757
0.13269488513469696
0.4189090430736542
0.5593870282173157
0.29280826449394226
-0.02399773895740509
-0.16495190560817719
0.7331542372703552
0.4961399435997009
-0.7292150259017944
0.4353533089160919
0.6522247791290283
-0.19783125817775726
0.35694923996925354
-0.09803597629070282
0.59214186668396
0.060142986476421356
0.2290041744709015
-0.7128575444221497
0.07826197147369385
0.2155269831418991
0.31915968656539917
0.7255570888519287
0.5178906917572021
-0.011916655115783215
0.08883365988731384
0.48908135294914246
-0.4674642086029053
0.5298385620117188
0.1516084522008896
-0.09523521363735199
-0.3917492926120758
-0.57248854637146
0.0765841081738472
0.32381102442741394
0.5464078187942505
0.3129599988460541
-0.0375494658946991
1.4223772179405869e-15
-0.0005906959413550794
0.0056513212621212006
0.004929291550070047
0.0007947702542878687
-1.2953779560120893e-07
0.0042487881146371365
0.0032146635930985212
-0.0007552617462351918
0.0014216541312634945
-1.080802235264855e-06
0.0008626974886283278
0.0033885783050209284
0.00022115657338872552
-2.90755633614026e-06
-1.388750428487981e-19
-4.457694012671709e-05
0.002911679446697235
0.003562771948054433
-0.0003737437364179641
-0.16347157955169678
0.0
11.0
