2
1
2
20
20
-0.00036317144986242056
0.005349203944206238
0.026234446093440056
0.0058976272121071815
-0.08213887363672256
0.2923249900341034
0.0048375423066318035
-0.0664500892162323
0.09534066170454025
0.0019260268891230226
-0.026424530893564224
0.049960777163505554
0.01270973589271307
-0.1736396998167038
0.6232293248176575
1.8185208313887597e-26
-7.261094239607261e-39
-0.19895708560943604
-0.12298618257045746
0.3088865578174591
0.0032493355683982372
0.0009003551676869392
-0.013625052757561207
0.0914442241191864
-0.00742383161559701
0.10121075063943863
0.2726031243801117
0.0030765593983232975
-0.041876621544361115
0.09340567141771317
7.520784272314401e-39
-5.3012480164918225e-39
-0.05714783817529678
0.0015089729567989707
-0.021968521177768707
0.2082555592060089
0.0002139584976248443
-0.0029354640282690525
0.0042484356090426445
-0.002894883044064045
0.03969745710492134
0.4803123474121094
0.012945386581122875
-0.18022605776786804
0.6820840835571289
-0.012162203900516033
0.16758276522159576
0.4718054533004761
0.00419562729075551
-0.059542085975408554
0.42277759313583374
-0.04785574972629547
-0.09083457291126251
0.061364442110061646
-0.07443017512559891
0.18701589107513428
0.0019324136665090919
0.00010267338075209409
-0.0014095836086198688
0.006632776465266943
-4.899937522395703e-08
-1.0749443196445067e-38
9.685308353024515e-39
8.732634190754824e-39
-1.0181419857438681e-38
-1.8429280146392557e-07
3.2023103091059666e-39
-7.540189983501477e-08
-5.1716309457106036e-08
-1.0655383839624192e-38
4.828257936739017e-40
-8.539624945472581e-39
2.256177189519093e-11
-8.279151586923884e-41
-1.0702694334152369e-15
8.924656921918183e-39
1.2174589461566576e-11
-1.063670032719935e-38
1.9200087090731487e-39
-5.273761982671488e-10
-0.1811012476682663
0.014009324833750725
-0.21006155014038086
-0.17061787843704224
-0.06787694245576859
-0.4431094825267792
-5.765252719669434e-10
0.8603690266609192
-0.0346200205385685
0.26307711005210876
-0.10744583606719971
3.7350209268113674e-41
-0.05509890988469124
-0.007509938441216946
0.1056954488158226
-0.45969778299331665
0.43528807163238525
-0.15045201778411865
-0.27572551369667053
0.5207759141921997
-0.0035128628369420767
0.8941182494163513
1.2962814821548818e-08
3.307889073767001e-08
2.629324491465468e-08
1.0593361743360674e-08
5.133519209721271e-08
-4.095009900258477e-16
-1.1435544422511157e-07
5.2324877763965105e-09
-4.0354731112302034e-08
1.6793531898429137e-08
1.9702792728500812e-13
8.295128139934604e-09
1.1807214095327367e-09
-2.0749503448769246e-08
-4.957585701959033e-07
-6.764440030337937e-08
2.397755949345992e-08
3.204639753562333e-08
-7.645885489182547e-07
4.66507610319411e-10
1.5555852996840258e-06
0.011789009906351566
-0.1713675856590271
-0.14172881841659546
-0.05624004080891609
-0.36321908235549927
7.914993352402865e-39
0.7207608222961426
-0.02790680341422558
0.2190307229757309
-0.08885820209980011
-3.246848047923437e-19
-0.04451783746480942
-0.006257134489715099
0.09118524938821793
-0.3753138482570648
0.3630395531654358
-0.12241566181182861
-0.2301045060157776
0.43338924646377563
-0.0029324826318770647
0.6989863514900208
-0.0051740361377596855
0.08179090172052383
0.0647374615073204
0.02626572921872139
0.17341767251491547
2.2453766442553958e-17
-0.3273942768573761
0.0137641541659832
-0.09788194298744202
0.041652780026197433
1.872191734975104e-09
0.022217245772480965
0.002913948381319642
-0.036671824753284454
0.17944510281085968
-0.1621292531490326
0.06008342653512955
0.10281983762979507
-0.1972232162952423
0.0014036253560334444
0.1794574111700058
-0.01414506882429123
0.21710801124572754
0.17717710137367249
0.07049692422151566
0.46267831325531006
8.443043251415922e-39
-0.8794002532958984
0.03637554496526718
-0.2674320638179779
0.11159157007932663
-8.2976319110714e-39
0.058874715119600296
0.0078094517812132835
-0.10369589924812317
0.48056766390800476
-0.44077393412590027
0.159470796585083
0.27408018708229065
-0.5327934622764587
0.003733751829713583
0.5878490209579468
-2.0666591353801778e-06
3.972167623593942e-17
-9.517825160568413e-39
8.81288847099401e-22
4.398046325997801e-13
-7.348253348027356e-07
3.9710612576016047e-10
1.298495145216402e-38
8.3542177443593e-39
1.6777844738524728e-11
-2.779000851660385e-07
9.163606762285781e-09
9.086800673685502e-06
5.573714986062344e-30
4.057965519166373e-09
1.9631953007692715e-10
8.988281479105353e-07
-3.14922171673615e-10
-6.282955382630462e-07
2.8911558608816603e-20
-0.004076615907251835
-0.017822757363319397
0.27961766719818115
0.22569358348846436
0.088145412504673
0.5897148847579956
-3.296391172512415e-17
-1.1174160242080688
0.04638316109776497
-0.336468368768692
0.14087074995040894
8.424874015527486e-39
0.07564626634120941
0.009941540658473969
-0.1279309242963791
0.6127423644065857
-0.5579089522361755
0.20440146327018738
0.35565584897994995
-0.676422119140625
0.004782336764037609
0.6542165875434875
-0.011414716020226479
0.1765916794538498
0.14290450513362885
0.05688466131687164
0.3747497797012329
3.5128383535365515e-10
-0.7109214663505554
0.02962363325059414
-0.21609614789485931
0.09026138484477997
3.3174835323279694e-08
0.04770208150148392
0.006303024478256702
-0.08215034753084183
0.38914743065834045
-0.35730811953544617
0.1290329247713089
0.2241511046886444
-0.4313320517539978
0.0030300298240035772
0.4584205746650696
-0.011373154819011688
0.1765991598367691
0.142650306224823
0.05667473375797272
0.3725951910018921
-5.877032754801148e-16
-0.7099595069885254
0.02922026626765728
-0.21526098251342773
0.08879479020833969
1.3940439025361684e-08
0.04683070629835129
0.006239096634089947
-0.08251475542783737
0.3843822181224823
-0.3543480932712555
0.12844109535217285
0.22642472386360168
-0.4288630485534668
0.0029933182522654533
0.4604886472225189
9.492558347958173e-39
6.101783078804601e-09
-7.569370552573673e-08
3.0154107292720833e-13
1.1150815514004986e-12
6.065615121286783e-09
-6.632218391634361e-25
-9.243525190072223e-39
1.0397224024840095e-38
1.728907258897217e-18
2.223069941464928e-07
9.098796282079828e-39
1.8417005439666654e-23
9.220440199170936e-39
1.0891799320233986e-06
5.519544934632194e-15
2.1384817472380746e-08
-9.781283284846122e-39
-9.776870595981963e-39
1.4220120192476315e-07
-0.030890975147485733
3.956100158575282e-08
-6.344852181427996e-07
-5.137027301316266e-07
-2.0024312163968716e-07
-1.3414404520517564e-06
-7.869557650995597e-39
2.4527569166821195e-06
-9.724204375061163e-08
3.588908441543026e-07
-1.114040401262173e-06
2.624591386024917e-39
-1.6917738321353681e-07
-2.0241548881472227e-08
2.778226075861312e-07
-1.331859152742254e-06
1.2950649761478417e-06
-4.5965555273141945e-07
-2.141507593478309e-06
1.1958596815020428e-06
-1.0600110122993556e-08
5.180567313800566e-06
0.009410182014107704
-0.13959605991840363
-0.1141929179430008
-0.04541703313589096
-0.2935764789581299
6.228064018199328e-39
0.5813109278678894
-0.022831402719020844
0.1767716109752655
-0.07185018062591553
-1.426772769264062e-06
-0.036043647676706314
-0.005010007414966822
0.07346337288618088
-0.30366605520248413
0.2947413921356201
-0.09843761473894119
-0.17520266771316528
0.35499241948127747
-0.0023726795334368944
0.5654355883598328
-0.011470267549157143
0.18034693598747253
0.1462542861700058
0.05818131938576698
0.38091886043548584
2.232131424140249e-10
-0.7282965183258057
0.030246539041399956
-0.2204870581626892
0.0920981839299202
1.0934924666376957e-38
0.048867568373680115
0.006488604936748743
-0.08570734411478043
0.39813515543937683
-0.3672545850276947
0.13180659711360931
0.22734132409095764
-0.44286447763442993
0.0031126821413636208
0.477128803730011
0.010442937724292278
-0.15459337830543518
-0.12578871846199036
-0.05060417950153351
-0.32798099517822266
-6.034078358360613e-19
0.6415610313415527
-0.025351816788315773
0.19519105553627014
-0.07952793687582016
-1.6869111173235013e-40
-0.04036468639969826
-0.005605288781225681
0.08051932603120804
-0.34096673130989075
0.3265278935432434
-0.10971295088529587
-0.21320852637290955
0.38925260305404663
-0.002652811584994197
0.6465209126472473
-0.0016467138193547726
0.02578960545361042
0.020799672231078148
0.008089634589850903
0.05387197807431221
-1.7126679097145825e-07
-0.1031794622540474
0.004210461862385273
-0.031439557671546936
0.013147657737135887
-5.451477717124855e-29
0.006839330308139324
0.0008985940366983414
-0.012098734267055988
0.056526873260736465
-0.05178777500987053
0.018742091953754425
0.03273525834083557
-0.06246455758810043
0.0004398057935759425
0.07100117951631546
0.006928556133061647
-0.11090084165334702
-0.08968230336904526
-0.03500443324446678
-0.23530583083629608
1.0104066205940399e-07
0.44821152091026306
-0.01844014972448349
0.13554634153842926
-0.05614979565143585
9.1610433611636e-39
-0.02939886413514614
-0.003901491640135646
0.05297141149640083
-0.24198658764362335
0.2273353487253189
-0.07963909208774567
-0.1405636966228485
0.2709331512451172
-0.0019013657001778483
0.8100495338439941
9.485979251668168e-39
-6.380307127074047e-08
1.2168709254517666e-33
-5.998627289338643e-11
6.563575166928489e-22
-4.528570641964654e-39
7.857823177655341e-39
-8.094508365384559e-16
-9.40102693356694e-39
2.0234026578691555e-06
-1.9646970570594124e-18
-5.623294718759553e-09
4.7276052872305835e-22
1.0176836210161874e-38
1.6004775282851824e-10
1.1564913423475787e-38
7.586337014475516e-39
-1.260123506991913e-22
-5.990647624582631e-39
-1.1703406094178426e-21
-0.2664012610912323
-0.009704506024718285
0.15422526001930237
0.12468226253986359
0.049856673926115036
0.32864248752593994
-3.7789587281622516e-07
-0.6260022521018982
0.025904402136802673
-0.1888720989227295
0.07933565229177475
-1.8647944279388227e-28
0.041824571788311005
0.005526148714125156
-0.0732811689376831
0.3416646718978882
-0.3139549493789673
0.11351773142814636
0.19110025465488434
-0.3778654932975769
0.0026587399188429117
0.3996832072734833
8.45578750042957e-38
-2.7004913160466063e-39
-6.648057393476847e-08
-1.4672507653301636e-09
-7.066076933625641e-39
1.3384408248384716e-07
-1.1307427172368989e-07
-4.800520869707725e-08
4.791141744314445e-39
6.394236806706033e-10
-7.22656545715239e-10
-5.896199084531872e-10
8.972702728326059e-17
8.264936815301773e-39
-1.1528587563385094e-38
-8.965720572116757e-39
-5.69133824269985e-13
-3.9479145973023796e-39
-2.0769513753293722e-07
-1.5278914769053446e-15
-0.2145792692899704
1.8378715216371688e-09
-0.36503177881240845
5.7297260269706385e-08
-0.3037978410720825
0.13913175463676453
0.3744134306907654
-2.2674759847518544e-08
0.4762488305568695
0.30290234088897705
0.301451712846756
-2.788616892956952e-09
-1.0854460015252698e-06
-0.2453581690788269
0.3102262616157532
-0.27257028222084045
0.04401058703660965
-0.19080442190170288
4.110198972455837e-37
0.26581284403800964
9.82957715223165e-09
-0.6153425574302673
0.0
4.0
