2
1
2
20
20
0.024049635976552963
-0.11447083204984665
0.05272458866238594
-0.008992009796202183
0.043666984885931015
-0.005275021307170391
0.003479786915704608
-0.01718084141612053
-0.03989454358816147
0.002201239112764597
-0.010883643291890621
-0.05999695882201195
-0.001216732431203127
0.006012086756527424
0.13038703799247742
0.026480065658688545
-0.12558947503566742
0.05780019238591194
-0.005835219752043486
0.02861739508807659
0.013629761524498463
0.013134503737092018
-0.06349344551563263
0.022764746099710464
-0.026238074526190758
0.12448342144489288
-0.0580899603664875
0.0010467079700902104
-0.005200459621846676
-0.13762888312339783
0.009857900440692902
-0.047760967165231705
0.007223585620522499
0.028017280623316765
-0.13260580599308014
0.0617939755320549
-0.009100678376853466
0.04431470111012459
-0.0057181851007044315
0.005625720601528883
-0.027607405558228493
-0.022228965535759926
-0.0051285093650221825
0.02518906444311142
0.019451944157481194
-0.0027282240334898233
0.013489657081663609
0.04488441348075867
0.005009206011891365
-0.024392860010266304
-0.0327383428812027
0.031354956328868866
-0.14748497307300568
0.06978639960289001
-0.00015585545042995363
0.0007567451684735715
0.03556248918175697
0.02227490022778511
-0.1063881516456604
0.0477791354060173
0.3859328627586365
-0.14652703702449799
0.05763835459947586
0.03689783066511154
-0.020755484700202942
0.42401689291000366
-0.09660476446151733
0.21370595693588257
-0.4190598726272583
0.017934804782271385
0.1606474667787552
0.4473966956138611
-0.14862430095672607
0.09328772872686386
-0.08471149951219559
-0.04588155075907707
0.08193307369947433
0.4972141981124878
-0.0026302447076886892
0.35905638337135315
0.04149753227829933
-0.0023690189700573683
0.0009008859051391482
-0.00035589796607382596
-0.00022535408788826317
0.0001338339934591204
-0.0026034207548946142
0.0005920044495724142
-0.0013042909558862448
0.0025862627662718296
-0.00011944131256313995
-0.0009893692331388593
-0.002731175860390067
0.0009140617330558598
-0.0005711434641852975
0.0005199760780669749
0.0002846616262104362
-0.0005055067013017833
-0.0030663488432765007
1.6544523532502353e-05
-0.00219597015529871
-0.19858525693416595
0.23489722609519958
-0.09116295725107193
0.03515925258398056
0.02254614792764187
-0.012180812656879425
0.25625666975975037
-0.05960146710276604
0.13220195472240448
-0.2565900385379791
0.010498538613319397
0.09698405861854553
0.2756779193878174
-0.09198817610740662
0.05639505013823509
-0.051852911710739136
-0.02758949249982834
0.04967666417360306
0.3068443238735199
-0.0014464077539741993
0.2196749746799469
0.02543092519044876
-0.24199938774108887
0.09191586822271347
-0.03622668981552124
-0.02313595451414585
0.01261985395103693
-0.26795023679733276
0.06048913300037384
-0.13652203977108002
0.267629474401474
-0.010856681503355503
-0.10113252699375153
-0.2827240526676178
0.09550822526216507
-0.058455634862184525
0.05396842956542969
0.02880539558827877
-0.05224713683128357
-0.31652820110321045
0.001601816969923675
-0.22850818932056427
-0.02633538469672203
0.3765275776386261
-0.14344434440135956
0.05696025490760803
0.03602629527449608
-0.019831961020827293
0.41290968656539917
-0.09406311810016632
0.20826813578605652
-0.4094943106174469
0.017372291535139084
0.1573100984096527
0.4362442195415497
-0.1458725929260254
0.09075391292572021
-0.08286568522453308
-0.044202402234077454
0.08001673966646194
0.4853643476963043
-0.0024143459741026163
0.3496774137020111
0.03984689339995384
0.3979610204696655
-0.15149810910224915
0.0593363456428051
0.03784945234656334
-0.021648863330483437
0.43652042746543884
-0.09957949072122574
0.2193531095981598
-0.43246403336524963
0.019045665860176086
0.1656516045331955
0.46179407835006714
-0.15310832858085632
0.09567803144454956
-0.08693008124828339
-0.046612806618213654
0.08509016782045364
0.513976514339447
-0.0026147598400712013
0.3689698874950409
0.04271937161684036
-0.13518647849559784
0.05146079137921333
-0.0203388761729002
-0.012853301130235195
0.007157975807785988
-0.1482839584350586
0.03344806283712387
-0.07377343624830246
0.14546172320842743
-0.006199403200298548
-0.05585886538028717
-0.15695765614509583
0.052250735461711884
-0.03203204646706581
0.029311642050743103
0.015807295218110085
-0.028837209567427635
-0.17119133472442627
0.0009062945027835667
-0.12325513362884521
-0.02205425687134266
0.39737606048583984
-0.15094786882400513
0.06003905087709427
0.037751711905002594
-0.021304901689291
0.4383108615875244
-0.09879004210233688
0.22007779777050018
-0.4330844283103943
0.018553443253040314
0.1652536392211914
0.46064603328704834
-0.1533818542957306
0.09662062674760818
-0.08766529709100723
-0.0467786081135273
0.08503329753875732
0.513322114944458
-0.002679153811186552
0.3685368299484253
0.042702022939920425
-0.0010741058504208922
0.0004498932103160769
-0.00015607623208779842
-0.00011030732275685295
6.776416557841003e-05
-0.001340019516646862
0.00027222748030908406
-0.0006268948200158775
0.0011740445625036955
-7.729734352324158e-05
-0.0005085263401269913
-0.0013178918743506074
0.00046346732415258884
-0.00025988591369241476
0.0002793109742924571
0.00012292493192944676
-0.0002429488522466272
-0.0015452820807695389
1.2495042028604075e-05
-0.0010029982076957822
-0.7879921197891235
0.24415943026542664
-0.09312335401773453
0.03684376925230026
0.023143799975514412
-0.013224881142377853
0.26782485842704773
-0.0609554797410965
0.13506628572940826
-0.2657026946544647
0.011264590546488762
0.1017715334892273
0.2828678488731384
-0.09430833905935287
0.05872461572289467
-0.05377480015158653
-0.029082046821713448
0.052034635096788406
0.31481513381004333
-0.0016245754668489099
0.2268475443124771
0.028686484321951866
0.05773058161139488
-0.02200479619204998
0.008601495996117592
0.005447533912956715
-0.0029307263903319836
0.06327714771032333
-0.014348860830068588
0.03190749138593674
-0.06275035440921783
0.0024613207206130028
0.024057766422629356
0.06693733483552933
-0.022273855283856392
0.013861121609807014
-0.012622900307178497
-0.006737799383699894
0.012237058021128178
0.07440107315778732
-0.0003393993538338691
0.053713735193014145
0.0026601816061884165
0.34396886825561523
-0.13061517477035522
0.051347047090530396
0.032581526786088943
-0.01823326386511326
0.377050518989563
-0.08577694743871689
0.18994349241256714
-0.37322553992271423
0.01591700129210949
0.1433764547109604
0.3975543975830078
-0.13260668516159058
0.0826677605509758
-0.07527890801429749
-0.040385812520980835
0.07354970276355743
0.44350484013557434
-0.002319749677553773
0.31918632984161377
0.03751176968216896
0.05212758854031563
-0.020260673016309738
0.007899443618953228
0.00506537314504385
-0.002985496772453189
0.057594653218984604
-0.013011256232857704
0.028784671798348427
-0.057784199714660645
0.002593366662040353
0.021904705092310905
0.05973293259739876
-0.020077185705304146
0.01286310888826847
-0.011636056005954742
-0.006236548535525799
0.011129448190331459
0.06745228171348572
-0.00039566686609759927
0.04915350303053856
0.05379185453057289
-0.38310351967811584
0.14593826234340668
-0.05732286348938942
-0.03627268597483635
0.020687447860836983
-0.41978582739830017
0.09537124633789062
-0.21214233338832855
0.41648027300834656
-0.017491724342107773
-0.15960811078548431
-0.44329795241355896
0.14816761016845703
-0.09226206690073013
0.08410733938217163
0.04501175507903099
-0.081411212682724
-0.4932478368282318
0.0025831451639533043
-0.3554494082927704
-0.04048652574419975
0.15890544652938843
-0.06055432930588722
0.02390299364924431
0.015153096057474613
-0.008417206816375256
0.174137145280838
-0.0397498793900013
0.08778706938028336
-0.1724252700805664
0.007380363997071981
0.06610099971294403
0.18462249636650085
-0.061530161648988724
0.038283783942461014
-0.03496064618229866
-0.018886389210820198
0.03384438529610634
0.2053496241569519
-0.0010670383926481009
0.14700669050216675
0.022828059270977974
-0.3033142387866974
0.1157543733716011
-0.04543043300509453
-0.02902388758957386
0.015929412096738815
-0.3327445983886719
0.07575318962335587
-0.16775913536548615
0.3299335241317749
-0.013994711451232433
-0.12642668187618256
-0.35138800740242004
0.11750033497810364
-0.0731356143951416
0.06663312762975693
0.0357312448322773
-0.06450154632329941
-0.39119043946266174
0.0020438581705093384
-0.28168466687202454
-0.0333685427904129
-0.2662234306335449
0.10145790129899979
-0.039852920919656754
-0.02525605820119381
0.014124568551778793
-0.29222673177719116
0.06657256931066513
-0.1473168283700943
0.2895532548427582
-0.01229262724518776
-0.11112653464078903
-0.3084196150302887
0.10279437899589539
-0.06427376717329025
0.05864430218935013
0.031364962458610535
-0.0566173680126667
-0.3433544337749481
0.0017772348364815116
-0.24750550091266632
-0.030744684860110283
-0.2672054171562195
0.10169488191604614
-0.04031612351536751
-0.025593025609850883
0.01419565174728632
-0.293143093585968
0.06658276170492172
-0.1478404849767685
0.2906462252140045
-0.01234865840524435
-0.1114199087023735
-0.3095133304595947
0.10312560200691223
-0.06423821300268173
0.05876290798187256
0.03141608089208603
-0.05685785040259361
-0.3448413014411926
0.001756294397637248
-0.24817679822444916
-0.030671967193484306
-0.3520166873931885
0.13422591984272003
-0.05277274549007416
-0.033760420978069305
0.01878122240304947
-0.3863312900066376
0.08762641251087189
-0.19461886584758759
0.3828931748867035
-0.016257859766483307
-0.14672891795635223
-0.407392293214798
0.13601025938987732
-0.08462271094322205
0.07730279117822647
0.041432008147239685
-0.07488134503364563
-0.4539380967617035
0.0022855198476463556
-0.3266780376434326
-0.03756541386246681
-0.36190295219421387
0.1375180333852768
-0.054538413882255554
-0.03433266282081604
0.01934186741709709
-0.3966503143310547
0.08996500819921494
-0.20012114942073822
0.3928737938404083
-0.016347358003258705
-0.150589257478714
-0.41859352588653564
0.1395045965909958
-0.08704106509685516
0.07928024977445602
0.04273117333650589
-0.07685907185077667
-0.4656829535961151
0.0024136791471391916
-0.3363422453403473
-0.03828149288892746
0.4182335436344147
-0.0026357087772339582
0.2575716972351074
-0.26629024744033813
0.4098605513572693
0.43091148138046265
-0.1449846476316452
0.4304930567741394
-0.0019069650443270802
0.2621538043022156
0.06152167543768883
0.3709724247455597
0.056861843913793564
-0.4166197180747986
0.17078864574432373
-0.3275724947452545
-0.28590336441993713
-0.2870510220527649
-0.38240987062454224
-0.3935287296772003
-0.15350496768951416
0.0
4.0
