2
1
2
20
20
-1.2921019333589356e-05
-5.985482403048081e-06
0.5016698837280273
-0.0028871202375739813
-0.00124357920140028
0.12265339493751526
-1.452212018193677e-05
-5.764803972851951e-06
0.5219780206680298
-0.048607077449560165
-0.020909590646624565
9.813252108870074e-05
-0.10102326422929764
-0.043518975377082825
-4.41200754721649e-05
-0.07107506692409515
-0.030600257217884064
9.639057680033147e-06
-0.014786486513912678
-0.006354071665555239
-0.03334132209420204
-0.09426518529653549
-0.04059756174683571
-2.9328151867957786e-05
0.027199601754546165
0.01172830630093813
-0.0007688545156270266
-0.031950630247592926
-0.013762270100414753
0.0024185713846236467
-0.09101313352584839
-0.03917330130934715
-2.6564284780761227e-05
-0.1491963416337967
-0.06440611183643341
-0.00012402900028973818
-0.09127658605575562
-0.03930634632706642
-2.653432238730602e-05
0.030343204736709595
0.01306197140365839
3.08237831632141e-05
0.14032721519470215
0.060521915555000305
0.00010929934796877205
-0.15914776921272278
-0.06873477250337601
-0.00013848516391590238
-0.05560345575213432
-0.023931292816996574
5.218622027314268e-05
0.12111576646566391
0.052205897867679596
8.029078162508085e-05
0.06380316615104675
0.027434028685092926
-3.734307756531052e-05
-0.0692591667175293
-0.029820580035448074
1.344040356343612e-05
-3.2478357752552256e-05
-0.004669230431318283
-3.401820140425116e-05
-0.07616685330867767
-0.15909436345100403
-0.11129243671894073
-0.023233432322740555
-0.1482970416545868
0.04275362938642502
-0.049905482679605484
-0.14324958622455597
-0.23505070805549622
-0.1435559093952179
0.04762859269976616
0.22100001573562622
-0.25126534700393677
-0.08689910173416138
0.19060181081295013
0.0998348817229271
-0.10869751125574112
8.333192090503871e-05
-5.134443927090615e-05
-0.006610087119042873
-4.931268631480634e-05
-0.10803013294935226
-0.22574001550674438
-0.15951019525527954
-0.03302379697561264
-0.21151532232761383
0.06111843138933182
-0.0716884508728981
-0.20296041667461395
-0.3349151015281677
-0.20457662642002106
0.06756576895713806
0.3144846558570862
-0.3572046458721161
-0.1249050721526146
0.2709696888923645
0.14245815575122833
-0.1554224044084549
0.0001240544079337269
3.580811608117074e-05
0.004766182042658329
3.284226841060445e-05
0.07807904481887817
0.16290469467639923
0.1142362505197525
0.023785438388586044
0.15207897126674652
-0.043693311512470245
0.0511491596698761
0.14672119915485382
0.24095965921878815
0.14716491103172302
-0.04870679974555969
-0.22673235833644867
0.2570606470108032
0.08982191234827042
-0.1955382227897644
-0.10293013602495193
0.11185281723737717
-8.466806320939213e-05
-4.115417686989531e-05
-0.005489155650138855
-3.8955386116867885e-05
-0.09116467088460922
-0.18913955986499786
-0.13338708877563477
-0.027768824249505997
-0.1773691475391388
0.05107501894235611
-0.059540022164583206
-0.17121288180351257
-0.280890554189682
-0.17200078070163727
0.05694010108709335
0.26406970620155334
-0.2997247874736786
-0.10400999337434769
0.22793355584144592
0.12006895989179611
-0.12937547266483307
8.481036638841033e-05
4.659335172618739e-05
0.0060540009289979935
4.415796138346195e-05
0.09892899543046951
0.20675472915172577
0.14500129222869873
0.030130593106150627
0.19204969704151154
-0.05538708344101906
0.06520454585552216
0.18608036637306213
0.305424302816391
0.18675585091114044
-0.06212892755866051
-0.287148654460907
0.3260292410850525
0.11368191987276077
-0.247928187251091
-0.1298828423023224
0.14172044396400452
-0.00011538504622876644
4.717865522252396e-05
0.00632625725120306
4.869855911238119e-05
0.10549192875623703
0.21890239417552948
0.15434102714061737
0.032041385769844055
0.20374034345149994
-0.059023208916187286
0.06879334151744843
0.19664090871810913
0.32383471727371216
0.19685381650924683
-0.0655498132109642
-0.30405956506729126
0.3455118238925934
0.11997602134943008
-0.26254287362098694
-0.13826331496238708
0.14945361018180847
-0.00010513216693652794
-3.87344480259344e-05
-0.005192354787141085
-3.7537916796281934e-05
-0.08678192645311356
-0.18062669038772583
-0.12686185538768768
-0.026365108788013458
-0.1684853434562683
0.04836320877075195
-0.05687282979488373
-0.16212470829486847
-0.26700377464294434
-0.16316701471805573
0.05393223091959953
0.25113120675086975
-0.2852274775505066
-0.09901686757802963
0.21661531925201416
0.11387746781110764
-0.12352954596281052
8.543085277779028e-05
4.1799896280281246e-05
0.005391336977481842
4.0873954276321456e-05
0.08924110233783722
0.1858813613653183
0.1303030401468277
0.02716238982975483
0.1733672171831131
-0.04977978765964508
0.058783166110515594
0.16732771694660187
0.27519991993904114
0.16793933510780334
-0.05577467009425163
-0.25863203406333923
0.29353511333465576
0.10181054472923279
-0.2230006754398346
-0.11689061671495438
0.12726658582687378
-0.00010338665742892772
-4.468647239264101e-05
0.0009817732498049736
-4.036352038383484e-05
0.016509559005498886
0.03476059064269066
0.024197205901145935
0.005052579566836357
0.03210344910621643
-0.009392136707901955
0.010764196515083313
0.03100060299038887
0.05080435425043106
0.031367093324661255
-0.010388003662228584
-0.048329826444387436
0.05463184788823128
0.019229518249630928
-0.04182187095284462
-0.021796634420752525
0.0239518191665411
0.0032699669245630503
4.0139362681657076e-05
0.005267942324280739
3.8553298509214073e-05
0.08754802495241165
0.182623952627182
0.1285615861415863
0.026710160076618195
0.1704300045967102
-0.04903988912701607
0.05770575627684593
0.16451840102672577
0.27065059542655945
0.1649056226015091
-0.05477389320731163
-0.25417405366897583
0.2885519564151764
0.10057072341442108
-0.21929246187210083
-0.11531224101781845
0.12525621056556702
-8.994741801870987e-05
-3.776790981646627e-05
-0.0051244026981294155
-3.6335586628410965e-05
-0.08471230417490005
-0.17590825259685516
-0.12342222034931183
-0.025709353387355804
-0.16428633034229279
0.04711027815937996
-0.0557669959962368
-0.15833425521850586
-0.26069411635398865
-0.15885835886001587
0.05280519276857376
0.2448926866054535
-0.27783581614494324
-0.09697592258453369
0.21122334897518158
0.1112249344587326
-0.12064242362976074
9.198089537676424e-05
-4.3090738472528756e-05
-0.0057475692592561245
-4.156032082391903e-05
-0.09696153551340103
-0.20140592753887177
-0.14141114056110382
-0.02929507941007614
-0.18758323788642883
0.054071925580501556
-0.06360872089862823
-0.1810624897480011
-0.2974955439567566
-0.1816074550151825
0.06015023961663246
0.27976560592651367
-0.31772077083587646
-0.11029069870710373
0.2410772144794464
0.1266312450170517
-0.136888787150383
9.012095688376576e-05
4.9180387577507645e-05
0.006440805271267891
4.896410246146843e-05
0.10714896768331528
0.22350861132144928
0.15690210461616516
0.032573401927948
0.20853865146636963
-0.06031060218811035
0.07076852768659592
0.20142222940921783
0.3302609324455261
0.20180998742580414
-0.0668376237154007
-0.310256689786911
0.3524318039417267
0.12269414961338043
-0.26808953285217285
-0.14098572731018066
0.15250299870967865
-0.00010873978317249566
-3.789100082940422e-05
-0.005042198114097118
-3.617025140556507e-05
-0.08433101326227188
-0.1755494326353073
-0.12348511815071106
-0.02564355731010437
-0.16373296082019806
0.047191839665174484
-0.055164072662591934
-0.15746629238128662
-0.25964903831481934
-0.15856370329856873
0.052583709359169006
0.24409791827201843
-0.27704599499702454
-0.0965409204363823
0.21049198508262634
0.11065515875816345
-0.12001146376132965
8.070605690591037e-05
3.848009146167897e-05
0.0051849461160600185
3.788235335377976e-05
0.0868077203631401
0.18047074973583221
0.12664224207401276
0.026366272941231728
0.1685229241847992
-0.04846857115626335
0.05716822296380997
0.16247788071632385
0.2671196162700653
0.16288559138774872
-0.05414028838276863
-0.25136491656303406
0.28521594405174255
0.09949268400669098
-0.21673551201820374
-0.11358366161584854
0.12321889400482178
-8.66318223415874e-05
3.293167537776753e-05
0.00463270815089345
3.2544605346629396e-05
0.0778774693608284
0.1618679165840149
0.11368276178836823
0.023644251748919487
0.15111182630062103
-0.04357615113258362
0.05111316591501236
0.14510691165924072
0.23940958082675934
0.14618806540966034
-0.0484815388917923
-0.22506767511367798
0.25583553314208984
0.08917775005102158
-0.19416067004203796
-0.10178153961896896
0.11096613854169846
-7.045485835988075e-05
5.25733339600265e-05
0.006702321581542492
5.1732164138229564e-05
0.11153074353933334
0.23208372294902802
0.1636214405298233
0.03394647687673569
0.21587543189525604
-0.06205781176686287
0.07340660691261292
0.20941448211669922
0.3431254029273987
0.20967109501361847
-0.06975303590297699
-0.3224695324897766
0.3664911687374115
0.12718041241168976
-0.2787039279937744
-0.1457483321428299
0.15916340053081512
-0.00011237006401643157
4.144763806834817e-05
0.005493008065968752
3.988785101682879e-05
0.09255286306142807
0.19263237714767456
0.13544222712516785
0.028144601732492447
0.17953111231327057
-0.051634784787893295
0.06088423356413841
0.17328350245952606
0.2846989929676056
0.1736176460981369
-0.05781829357147217
-0.26740992069244385
0.30370983481407166
0.10581985116004944
-0.2303769737482071
-0.12170381844043732
0.1320098489522934
-7.801442552590743e-05
5.4175296099856496e-05
0.0068910615518689156
5.254948337096721e-05
0.11486881971359253
0.23781491816043854
0.16640634834766388
0.03475599363446236
0.22228802740573883
-0.06408695876598358
0.07550840079784393
0.21434535086154938
0.3525077700614929
0.2145261913537979
-0.07179956138134003
-0.33168530464172363
0.376141756772995
0.13067778944969177
-0.2851334512233734
-0.15016916394233704
0.1636943817138672
-0.00012343039270490408
-3.497523721307516e-05
-0.004786288365721703
-3.295070928288624e-05
-0.08054941147565842
-0.16749027371406555
-0.11784862726926804
-0.024460719898343086
-0.15570853650569916
0.04513721168041229
-0.052812229841947556
-0.15074820816516876
-0.247553750872612
-0.15130281448364258
0.05011051893234253
0.23269647359848022
-0.26409515738487244
-0.09210818260908127
0.20073486864566803
0.10528595745563507
-0.11472555249929428
7.084595563355833e-05
-0.2891514301300049
-0.41722047328948975
0.2965215742588043
-0.34764230251312256
0.3789210915565491
0.4028100073337555
-0.3294142484664917
0.3392138183116913
0.06280311197042465
0.33324623107910156
-0.32097890973091125
-0.3686666786670685
0.41141700744628906
-0.3199705183506012
0.32944589853286743
0.29450520873069763
0.42844030261039734
0.352303147315979
0.44055119156837463
-0.3048359155654907
0.00048598574358038604
0.0
4.0
