2
1
2
20
20
0.0004338921862654388
0.0008894261554814875
0.04959771782159805
-0.03340601176023483
-0.06848356872797012
0.28109294176101685
0.010510202497243881
0.02159912697970867
0.06937714666128159
-0.02572881616652012
-0.05275873467326164
0.25897592306137085
0.03316863998770714
0.06782490760087967
0.27785319089889526
-0.009094553999602795
-0.018647244200110435
0.06668920069932938
0.005754591431468725
0.011777818202972412
0.07083798199892044
0.045854970812797546
0.09395350515842438
0.529366135597229
-2.0248356432938952e-39
6.818010671680076e-39
-0.4608176350593567
0.025545887649059296
0.05238131061196327
0.24603858590126038
0.003466979833319783
0.007105986122041941
0.9379854798316956
-0.02208886854350567
-0.04522056505084038
0.21736881136894226
-0.019336819648742676
-0.03963194414973259
0.16258905827999115
-0.09175284951925278
-0.18809902667999268
0.9932448863983154
-0.024510076269507408
-0.05041682347655296
0.1728246957063675
0.026500673964619637
0.05434244126081467
0.13893577456474304
-0.04304346442222595
-0.08832996338605881
0.3256398141384125
3.451395315035096e-39
2.673685877722537e-39
-0.2570483982563019
0.06273415684700012
0.1286419928073883
1.3657941818237305
4.972759834380192e-40
-1.8341231261946806e-39
-0.28783467411994934
-0.00043293138151057065
0.3240682780742645
-0.10185328871011734
0.2480045109987259
-0.31330880522727966
0.08685050159692764
-0.059043318033218384
-0.43460729718208313
6.487276271727183e-10
-0.23151332139968872
0.10715863108634949
0.21477359533309937
0.1744537651538849
0.8863422274589539
0.24238058924674988
-0.18599700927734375
0.3901696503162384
9.183834143181078e-21
-0.5928258299827576
-0.00816857535392046
0.5171988606452942
0.013271096162497997
0.7273837327957153
-0.19194044172763824
0.4965485632419586
-0.576640784740448
0.1768086552619934
-0.0800335630774498
-0.7726122140884399
-0.008441802114248276
-0.43759843707084656
0.04688338562846184
0.35891440510749817
0.4676817059516907
1.8386099338531494
0.5755879878997803
-0.48019012808799744
0.8891919255256653
-0.01252194307744503
-0.9022891521453857
9.106069228437264e-06
0.3199314773082733
-0.004737401846796274
-0.00032398171606473625
-6.879152806504862e-06
6.197414233015421e-30
-0.0034685172140598297
9.674088156220667e-39
-0.0009844716405496001
-0.0023256284184753895
-0.012711286544799805
-1.382627779628054e-11
-0.012027851305902004
0.00012611130659934133
8.969710529882491e-10
5.211187965488131e-39
5.543225636609896e-39
-9.813443084602377e-39
-0.008723889477550983
-9.399789587022941e-39
-0.0017008811701089144
0.007083827164024115
0.0
0.01252067368477583
-1.1178067922592163
0.366610586643219
-0.8603999614715576
1.1331913471221924
-0.3013847768306732
0.19136573374271393
1.5729843378067017
-0.0011104411678388715
0.876999020576477
0.18504200875759125
-0.7079910039901733
-0.6230207085609436
-2.974700450897217
-0.8325886130332947
0.8980892896652222
-1.4409626722335815
-6.912290245963959e-06
2.229766845703125
-1.9081576596580163e-11
1.890568733215332
-0.03690608963370323
0.9589332342147827
-0.2941458225250244
0.6911550760269165
-0.8516018390655518
0.25424790382385254
-0.14827491343021393
-1.2382923364639282
-0.008945949375629425
-0.6939309239387512
0.030765293166041374
0.6468856334686279
0.5232968330383301
2.651268243789673
0.7245898246765137
-0.7199261784553528
1.2291992902755737
0.00014639926666859537
-1.6076502799987793
-0.00022937078028917313
1.297804355621338
-0.012792369350790977
-9.251281377072261e-39
0.002446054480969906
0.009087396785616875
-0.0007964892429299653
-2.1816354092152324e-06
1.146910476229208e-19
1.2377888983900613e-22
-0.0034988534171134233
9.844791648561113e-10
-0.0041190036572515965
-8.154657393788511e-09
-7.87331397994473e-12
4.964567779097706e-06
-2.453377105205541e-21
-9.233556616036494e-19
-3.3934577370331453e-09
-4.6533693389052467e-29
-7.673268669350364e-07
0.001942741102539003
-0.2641366422176361
-0.011932769790291786
-0.09297877550125122
-0.06373476982116699
-0.07125599682331085
0.11454739421606064
-0.018972061574459076
0.019846733659505844
0.16135431826114655
-6.5733584051486105e-06
0.12182516604661942
0.14716950058937073
-0.04726128280162811
-0.06293769925832748
-0.2925868034362793
-0.07659027725458145
0.11286846548318863
-0.035988613963127136
-3.50041737817719e-08
0.23823794722557068
-1.4954120160837192e-05
-0.06850135326385498
-0.020855620503425598
-0.04890706017613411
0.1086089164018631
-0.023048652336001396
0.025476975366473198
-0.008246803656220436
0.008292092010378838
0.0654633566737175
3.437219129409641e-05
0.0002589303767308593
0.36093437671661377
-0.00567531306296587
-0.017308492213487625
-0.07634162902832031
-0.0222829207777977
-0.011806662194430828
-0.04772345721721649
-5.0127669965149835e-05
0.11586922407150269
-0.0002675010764505714
-0.3717595636844635
0.0375848114490509
-0.13755106925964355
0.053722042590379715
-0.08241521567106247
0.11944592744112015
-0.02715664729475975
0.018410636112093925
0.14852389693260193
0.007772353943437338
-0.0007014984148554504
0.17666561901569366
-0.04775238037109375
-0.0601055882871151
-0.28853699564933777
0.04934082552790642
0.10575233399868011
-0.10686592757701874
-1.853800029039121e-07
0.21054638922214508
-2.6955416387863806e-07
-0.010481325909495354
0.006549345329403877
-0.5151837468147278
0.1664544939994812
-0.38718268275260925
0.5066348910331726
-0.13823147118091583
0.08777619153261185
0.709193766117096
1.926454933709465e-05
0.40386831760406494
0.07331420481204987
-0.33996260166168213
-0.28510868549346924
-1.3938707113265991
-0.3816409707069397
0.4143494665622711
-0.6435288190841675
1.498609059069622e-08
1.003698706626892
-0.0002758521877694875
0.9442158341407776
0.006876406725496054
-0.04341734200716019
0.0508759543299675
-0.11088971793651581
0.16879786550998688
-0.039398860186338425
0.029193518683314323
0.24917055666446686
-1.0842384057241361e-07
0.12529240548610687
0.04741404950618744
-0.10242438316345215
-0.08472226560115814
-0.39922764897346497
-0.1093190535902977
0.12818701565265656
-0.16301076114177704
-1.840753793658223e-05
0.3289682865142822
6.700515793253703e-13
0.0757836177945137
0.0007692321087233722
0.6610155701637268
-0.20460225641727448
0.5089651942253113
-0.6278848052024841
0.17543576657772064
-0.10906921327114105
-0.8168372511863708
-0.00017547718016430736
-0.48139479756355286
-0.024474941194057465
0.44205713272094727
0.3792993128299713
1.8136383295059204
0.5009419322013855
-0.5066125988960266
0.8478646278381348
-1.3638117328171329e-12
-1.1438153982162476
-6.478123395936564e-06
1.0411884784698486
0.0026965453289449215
-0.2166457623243332
0.06981316953897476
-0.16395673155784607
0.21842536330223083
-0.058870814740657806
0.036557938903570175
0.3025349974632263
-1.397989254740828e-13
0.16878797113895416
0.02923615835607052
-0.14211924374103546
-0.12715299427509308
-0.5725703835487366
-0.16051550209522247
0.17187829315662384
-0.26381921768188477
-0.009106955491006374
0.4233935475349426
6.717331416439265e-06
0.3830476403236389
0.009059218689799309
-0.05545337498188019
0.08897322416305542
-0.14380499720573425
0.2905460298061371
-0.03157723695039749
0.2030235379934311
0.05758848786354065
0.015745025128126144
0.0771900936961174
0.004772711545228958
-0.07688859850168228
-0.2778085172176361
-0.2460450828075409
0.14437782764434814
0.12728251516819
0.16919240355491638
0.029767785221338272
0.2218276411294937
0.023025287315249443
-0.046655215322971344
1.8401455359473573e-10
1.5797821788510191e-06
-0.0027555169072002172
1.2536531812656904e-06
-0.00022365660697687417
9.445596632523255e-39
0.00014729671238455921
-0.013185425661504269
5.453233370644739e-06
-3.081084345990526e-11
-1.1944003745156806e-05
-0.005853223614394665
1.4761179954803083e-05
-2.485341123175198e-31
-2.9476538543349307e-07
-0.00015372323105111718
1.092513798539585e-06
2.596585706865495e-12
-1.401834083480935e-06
-2.461284864807567e-08
-0.10554850846529007
0.00562460208311677
-0.4020823836326599
0.13636456429958344
-0.31244775652885437
0.4258278012275696
-0.11132613569498062
0.07417245954275131
0.5919421315193176
8.868595441358096e-11
0.32384687662124634
0.10365902632474899
-0.26870840787887573
-0.22572216391563416
-1.1038230657577515
-0.2985774874687195
0.33175885677337646
-0.5148046612739563
-0.009175262413918972
0.8585233092308044
5.695228514678241e-17
0.5452056527137756
-0.0025739024858921766
-0.11140640079975128
0.12108584493398666
-0.3143993318080902
0.43717172741889954
-0.0952628031373024
0.09539062529802322
0.623481273651123
-0.02766496129333973
0.2945743203163147
0.06981130689382553
-0.2389257401227951
-0.12473598122596741
-0.9716688394546509
0.10836436599493027
0.2991524338722229
-0.3772358298301697
0.0032108151353895664
0.8140848875045776
-0.00022061256458982825
0.14136169850826263
0.005005504470318556
-0.5638169646263123
0.11291646212339401
-0.42897531390190125
0.5347161889076233
-0.152450829744339
0.09965359419584274
0.8047375082969666
-1.0612397090881132e-05
0.4574659466743469
0.2126808613538742
-0.41486263275146484
-0.31943100690841675
-1.4526195526123047
-0.42662596702575684
0.46826475858688354
-0.7151064276695251
6.764627731755196e-19
1.1437159776687622
-1.1609117801184704e-13
0.7193223237991333
-0.0027865644078701735
0.4800533354282379
-0.14517585933208466
0.3650861382484436
-0.4326096177101135
0.1327635794878006
-0.06795278191566467
-0.5852649807929993
0.008148280903697014
-0.3308628499507904
0.0032282830215990543
0.3224670886993408
0.25733569264411926
1.3018566370010376
0.3548126518726349
-0.3585047423839569
0.6403030157089233
0.001126056187786162
-0.8115729093551636
-5.3399588068714365e-05
0.6618641018867493
0.010539913550019264
-0.2606452703475952
0.11681927740573883
-0.19214574992656708
0.39546146988868713
-0.07019991427659988
0.05660615488886833
0.46107587218284607
0.15695303678512573
0.24084776639938354
0.10449910163879395
-0.16894271969795227
-0.17135383188724518
-0.679336667060852
-0.195883646607399
0.24754449725151062
-0.3224458694458008
0.019997164607048035
0.6824186444282532
0.009705428965389729
-0.013771145604550838
0.12830273807048798
0.2535247802734375
9.065827933109658e-39
-0.45754367113113403
0.37809690833091736
-5.222766035694703e-25
-0.04279051348567009
-0.015544252470135689
-0.04116688668727875
-0.21030141413211823
-0.0613735131919384
0.26252081990242004
-0.08792068064212799
-0.03589513897895813
-9.002370132152708e-39
-0.17033769190311432
-0.14343437552452087
-0.22851215302944183
0.1876271814107895
-0.11749044060707092
0.3281838297843933
0.5
4.0
