4
1
2
20
20
-0.012907475233078003
-0.004340166226029396
0.009808090515434742
0.01588880643248558
0.5250183343887329
-0.000753818778321147
7.202036067610607e-05
-0.03807705268263817
-6.0193917306605726e-05
-0.10717964917421341
-0.027850773185491562
-0.00826623011380434
0.022334059700369835
0.04378475621342659
0.21376550197601318
0.06693878024816513
0.019362449645996094
-0.08305951207876205
-0.10956913232803345
0.6295451521873474
-0.19422222673892975
-0.0558638870716095
0.1552092283964157
0.296305388212204
0.5690353512763977
-0.020161280408501625
-0.005792343523353338
0.016664044931530952
0.031572528183460236
0.07983162254095078
2.588325060060015e-06
5.4304609420352534e-11
0.00017959604156203568
0.005580951925367117
-0.13380610942840576
0.07324088364839554
0.021437861025333405
-0.060170236974954605
-0.11250524967908859
0.3525121510028839
0.013955938629806042
0.005150261335074902
-0.011701622977852821
-0.0234952662140131
0.3068389594554901
-0.02342298813164234
-0.006759850773960352
0.018651951104402542
0.056182898581027985
0.07590427994728088
-0.06338205188512802
-0.016992634162306786
0.0476042740046978
0.09054533392190933
0.15917345881462097
0.051756929606199265
0.014412494376301765
-0.04069886729121208
-0.08569025248289108
0.23532646894454956
-0.15975219011306763
-0.04626018926501274
0.12557080388069153
0.24966756999492645
0.5604776740074158
-0.049510274082422256
-0.013686825521290302
0.03858060762286186
0.07349987328052521
0.14406795799732208
0.10872471332550049
0.014346559531986713
-0.037845537066459656
-0.07608084380626678
0.27839383482933044
-0.14889949560165405
-0.04267849400639534
0.11878872662782669
0.2258824110031128
0.600867509841919
-0.049991533160209656
-0.010278302244842052
0.04109520837664604
0.07266423106193542
0.25514841079711914
-0.02649533562362194
-0.005465810187160969
0.061856817454099655
0.0393599234521389
0.1225527673959732
0.013287325389683247
0.0015004714950919151
-0.0042749741114676
-0.011371627449989319
0.4277425706386566
-2.3065886006756742e-11
6.228528978229858e-18
-8.595465450511597e-10
4.4485368562163785e-05
-0.16196832060813904
0.4138393998146057
-0.10257118195295334
-0.3339182734489441
-0.025464167818427086
1.0111562013626099
-0.16332057118415833
0.07059472054243088
-0.4007747173309326
-0.125714510679245
0.1983274668455124
0.29273730516433716
-0.36352792382240295
0.42733651399612427
0.23374614119529724
-0.4524080455303192
0.7840262055397034
0.3580070436000824
0.3545469045639038
-0.05957208201289177
-0.10805843770503998
0.37761199474334717
-0.3157292902469635
-0.13801546394824982
0.0006534557323902845
0.03399484232068062
0.17523473501205444
0.37355390191078186
6.387446046574041e-05
4.7737721615703776e-05
0.13233782351016998
-0.01592514105141163
0.01532047614455223
7.399082096526399e-05
-0.4175631105899811
1.8406237359158695e-05
-0.2104661762714386
0.03736140951514244
0.017826059833168983
0.31456267833709717
0.034360699355602264
4.713750209931443e-15
-0.06921771168708801
-0.011092784814536572
0.6813012361526489
-0.016072707250714302
0.975075364112854
-0.5412586331367493
-0.1857275813817978
0.4632986783981323
0.6323243379592896
0.2834552228450775
-0.6459912061691284
-0.11844629794359207
0.46094268560409546
-0.6026482582092285
-0.13730137050151825
0.993989109992981
0.5168015360832214
-0.31395238637924194
-0.1303873062133789
0.6170010566711426
0.3010459840297699
0.3149375319480896
-0.5413346290588379
-0.5290069580078125
-0.007607613690197468
0.7599445581436157
-0.1425933688879013
0.5057894587516785
-0.37635350227355957
-0.22022145986557007
-0.106087327003479
-0.11675351113080978
0.06020330265164375
-0.5058964490890503
0.07120859622955322
0.005100456532090902
-0.5182879567146301
0.03401573374867439
-0.42584100365638733
-0.35985738039016724
0.883428692817688
-0.25754085183143616
-0.30963972210884094
-0.44418346881866455
-0.37153682112693787
-0.8172070384025574
-0.7428956627845764
0.24977648258209229
0.16647005081176758
0.7060479521751404
0.4448729157447815
-0.7328141927719116
0.27972227334976196
0.3692396879196167
0.17145323753356934
0.4165179431438446
0.815640926361084
-0.3143836557865143
-0.6944369077682495
-0.6966996192932129
0.6183980107307434
-0.3404577374458313
0.6557114720344543
-0.29822295904159546
0.005251253955066204
0.1278565675020218
0.07991491258144379
0.8845323920249939
-0.4929623305797577
0.20176853239536285
0.18364465236663818
0.4484233558177948
0.5856327414512634
-0.39131563901901245
-0.5185442566871643
0.5269321203231812
-0.46170124411582947
-0.17072393000125885
0.5279693603515625
-0.23621653020381927
0.020683858543634415
-0.15640383958816528
0.5159293413162231
-0.10461368411779404
0.609656810760498
0.40487417578697205
-0.27097341418266296
0.10578832030296326
-0.004162177909165621
-0.004892332013696432
0.350807785987854
0.3197877109050751
0.06961791217327118
-0.20952671766281128
-0.44949114322662354
0.06014101579785347
0.27003028988838196
-0.21806052327156067
0.1006094440817833
-0.11141113191843033
-0.21459557116031647
0.46657776832580566
-0.24107398092746735
-0.09301090240478516
-0.04680333659052849
-0.19046221673488617
0.5291929841041565
0.024918679147958755
-0.41123321652412415
0.6078634262084961
-0.30400171875953674
-0.27778202295303345
0.21533508598804474
0.5241187810897827
-0.09462156891822815
-0.4313337504863739
-0.1214405745267868
0.23893876373767853
-0.49597716331481934
-0.2097160965204239
0.5296188592910767
0.12801504135131836
-0.3312455713748932
0.3598206341266632
-0.4182480275630951
-0.19449582695960999
0.6559144258499146
0.4840068817138672
-0.264849990606308
0.411526083946228
-0.37570786476135254
0.18262484669685364
0.31449589133262634
-0.09712035953998566
-0.1677306890487671
-0.43721410632133484
-0.29556021094322205
0.21144698560237885
-0.05383051186800003
-0.21366234123706818
0.1433582454919815
0.08739183098077774
-0.12758363783359528
0.4877678453922272
0.0778779685497284
0.04878795146942139
0.15627077221870422
0.036796990782022476
-0.4363671839237213
0.21449579298496246
-0.029969042167067528
0.369832307100296
0.5744838714599609
-0.0018803400453180075
-0.11207456886768341
-0.1429460644721985
-0.12531030178070068
0.009557952173054218
-0.22075147926807404
-0.1491255909204483
0.48784133791923523
0.5525904893875122
0.01691656932234764
0.18660558760166168
0.19619940221309662
0.028557244688272476
-0.11906455457210541
-0.4259979724884033
-0.022633418440818787
-0.8009735345840454
0.9371941685676575
0.3605331778526306
0.6769377589225769
-0.2839292287826538
0.020752016454935074
0.002880687126889825
-0.2510787844657898
-0.5504404902458191
-0.3435490131378174
0.5939203500747681
-0.4149439334869385
-0.6961982250213623
-0.6851361989974976
-0.5622667074203491
-0.024820085614919662
0.04621727019548416
0.1974155157804489
0.63201904296875
-0.16414600610733032
-0.40009114146232605
0.717789351940155
-0.48457756638526917
0.05894730985164642
-0.2293604612350464
0.6528594493865967
-0.0495678074657917
-0.15965726971626282
-0.16061241924762726
0.1739278882741928
0.4784643352031708
-0.26708972454071045
0.5002688765525818
0.6216866374015808
0.15090793371200562
0.062010057270526886
0.7196852564811707
-0.062194738537073135
0.2250441610813141
-0.5510257482528687
0.03042183816432953
-0.07076919823884964
-0.302868127822876
-0.014399470761418343
-0.061605848371982574
-0.05138706788420677
-0.3205045461654663
-0.017346905544400215
0.6357433795928955
0.009158767759799957
-0.46073028445243835
0.19150954484939575
-0.2655688524246216
0.8078336119651794
-0.5903875231742859
0.1798764318227768
-0.38564059138298035
-0.4996424913406372
0.8704824447631836
0.4705483913421631
-0.7930288910865784
0.04532104730606079
-0.2620949447154999
-0.0622202567756176
-0.5697392821311951
0.3493174910545349
0.050876185297966
0.32627439498901367
-0.0835643857717514
-0.6064110994338989
-0.12339776009321213
0.3193587362766266
0.11209148168563843
-0.4097541272640228
-0.08477852493524551
0.03923632577061653
0.20036619901657104
0.35923904180526733
-0.06472304463386536
0.3044135570526123
-0.019989483058452606
-0.5508403182029724
0.19638404250144958
-0.3012335002422333
0.920082151889801
-0.5157577395439148
-0.12353577464818954
0.2558692693710327
0.11625709384679794
-0.7544122338294983
-0.09945283085107803
0.6158775091171265
0.2743056118488312
0.3007582724094391
-0.6224187016487122
0.267913818359375
-0.054004453122615814
-0.05535605177283287
0.9438771605491638
-0.45674440264701843
-0.2725122272968292
0.841815173625946
-0.6290397047996521
-0.09741528332233429
0.022622544318437576
0.19742979109287262
0.3581233322620392
0.29291215538978577
-0.5023708939552307
2.9666717052459717
0.3226473331451416
0.08968089520931244
-0.6687475442886353
-0.060647450387477875
-0.11714442074298859
0.8149616718292236
-0.619074285030365
1.9311025142669678
0.4961495101451874
-0.30512821674346924
2.160151720046997
0.298772394657135
0.5543370246887207
0.14041998982429504
0.07778990268707275
0.46003299951553345
-0.14761263132095337
0.26021796464920044
0.09863700717687607
0.30676352977752686
-0.07212118059396744
-0.001483738305978477
0.42303237318992615
0.23832054436206818
0.1228620633482933
0.2767074704170227
0.20770364999771118
0.17527338862419128
-0.16718997061252594
-0.6134887933731079
-0.13449153304100037
-0.14980509877204895
-0.09241417795419693
-0.1282861977815628
0.35631680488586426
0.11215224862098694
0.23525944352149963
0.04284841939806938
0.2586146593093872
-0.17232714593410492
-2.6101227096017067e-14
-0.0034759880509227514
-3.38306847813552e-11
-0.37949058413505554
-1.2137758858443704e-05
-0.16359038650989532
-0.006139063276350498
-0.2994762659072876
-0.12219657748937607
-8.097086482648018e-39
-0.14161933958530426
-0.0012403425062075257
-6.142756303617602e-10
-0.15995028614997864
-0.4223076403141022
-0.01719716191291809
-5.380215162276158e-10
-0.16144807636737823
0.006221286952495575
0.12388423085212708
0.5904624462127686
-0.7187269330024719
1.442631483078003
0.15070365369319916
-0.19320611655712128
-0.7170293927192688
-0.05908599868416786
0.4812551438808441
0.6995096802711487
-0.46459338068962097
1.604081392288208
0.4872543513774872
-0.2543967366218567
1.3515033721923828
0.7526559233665466
-0.005011305678635836
0.09005052596330643
-0.48974886536598206
0.9404271841049194
-0.2514786422252655
0.17020398378372192
-0.2451731562614441
-0.25060412287712097
3.402691946567324e-14
0.3681320548057556
-0.35924994945526123
0.18644610047340393
-0.06377094984054565
-0.004897800274193287
0.01759961247444153
-0.012420136481523514
-0.09267926961183548
0.00590868853032589
-0.02139723114669323
-0.4163878560066223
-0.21839186549186707
-0.20884647965431213
0.3213229775428772
0.006999318953603506
0.18844307959079742
-0.004667824599891901
-8.259913160307169e-39
0.003543514758348465
8.314510551074192e-39
1.1653534340956617e-39
0.003674117149785161
2.115305051120231e-06
0.0025502745993435383
-0.0006172707653604448
-0.002039127517491579
-1.1100385785149038e-39
-0.0031848291400820017
-1.1819406040178745e-39
-6.31376460660249e-05
0.0018823448335751891
-0.013146808370947838
0.0010825208155438304
3.698176586288875e-39
-0.009199950844049454
1.1471724974398967e-06
0.07597765326499939
0.0
11.0
