4
1
2
20
20
1.4156293869018555
-0.9095613956451416
0.24139666557312012
-1.3130296468734741
0.0
0.40388667583465576
0.17472589015960693
-0.47299933433532715
0.975153923034668
0.0
-0.9471523761749268
-1.106555700302124
1.4691574573516846
-0.8756557703018188
0.0
-1.0992733240127563
-0.3073829412460327
-0.6911566257476807
0.42278730869293213
0.0
-0.5405305624008179
-1.1176185607910156
-0.8536677360534668
0.406635046005249
0.0
-1.2800155878067017
-1.0976125001907349
0.866264820098877
-1.2834177017211914
0.0
-1.3288936614990234
1.0462095737457275
-0.5876494646072388
1.186166763305664
0.0
-0.16385257244110107
-0.655001163482666
0.5550026893615723
-0.7160868644714355
0.0
-1.017973780632019
1.4144878387451172
0.9795336723327637
0.007957220077514648
0.0
0.6111330986022949
0.4264640808105469
0.18048477172851562
-0.37212538719177246
0.0
-0.3754842281341553
-0.9593381881713867
-1.484471082687378
1.189683437347412
0.0
-1.4243853092193604
0.09655487537384033
-1.2556053400039673
-0.3275628089904785
0.0
0.33965277671813965
-0.2618182897567749
0.875664234161377
0.11377608776092529
0.0
-0.7336009740829468
-0.40191078186035156
-0.2824380397796631
-0.16956639289855957
0.0
-0.5260173082351685
0.9767141342163086
-0.9568508863449097
0.019098401069641113
0.0
0.5892548561096191
-1.1946158409118652
1.3013415336608887
1.1512603759765625
0.0
0.9320774078369141
1.4937047958374023
-1.3226137161254883
-1.0427827835083008
0.0
-0.024211764335632324
-1.2672232389450073
0.3689635992050171
0.38732922077178955
0.0
0.7073686122894287
1.0375585556030273
0.6093993186950684
-1.159330129623413
0.0
1.3107972145080566
-0.8488919734954834
-0.8668169975280762
0.2733943462371826
0.0
0.2240527868270874
-0.5341740846633911
-0.5973236560821533
-0.14937615394592285
0.2506903409957886
-1.3201836347579956
0.6102309226989746
-1.3387295007705688
-0.5866373777389526
1.3759822845458984
1.3419814109802246
0.08853864669799805
0.883317232131958
1.4660582542419434
0.017320990562438965
0.38080358505249023
-0.23082733154296875
0.9010615348815918
0.2859138250350952
-0.0870598554611206
0.0
-0.23681187629699707
-1.2715744972229004
0.744948148727417
1.230964183807373
-1.472175121307373
0.7617216110229492
0.0812598466873169
0.11872601509094238
-0.7857341766357422
-0.23887109756469727
0.6408610343933105
1.4907441139221191
-0.16638422012329102
1.3302192687988281
-0.6152898073196411
0.7475948333740234
0.860461950302124
-1.1689985990524292
1.1957359313964844
0.3865159749984741
0.0
1.2335124015808105
0.792231559753418
0.10466480255126953
1.0407075881958008
-0.11672723293304443
0.631009578704834
-0.7744345664978027
-0.28509092330932617
-0.6857761144638062
-1.3551160097122192
1.001481056213379
0.7906608581542969
0.5376942157745361
1.1565604209899902
1.1999282836914062
0.7613058090209961
0.3177051544189453
0.43330514430999756
0.6978883743286133
0.9884727001190186
0.0
-1.437849998474121
-0.802010178565979
1.4596617221832275
-0.5266839265823364
0.46625804901123047
0.7618060111999512
0.08890771865844727
-0.2934150695800781
-0.00012230873107910156
0.1722114086151123
-1.0748344659805298
1.1936640739440918
0.5950417518615723
-1.1391692161560059
0.04423177242279053
-1.4789403676986694
-0.800329327583313
0.12311911582946777
0.8386650085449219
0.021860718727111816
0.0
-1.1935315132141113
1.2615966796875
1.174170970916748
1.1703438758850098
-1.2062655687332153
0.316980242729187
0.25184154510498047
0.7824087142944336
0.2931593656539917
0.39458978176116943
-0.8116482496261597
0.709367036819458
0.6134629249572754
0.6945357322692871
1.0093355178833008
-0.9491325616836548
1.3334593772888184
-1.259955883026123
-0.27883923053741455
0.7724323272705078
0.0
-0.5111693143844604
0.08145797252655029
1.467914342880249
0.43393850326538086
1.0867424011230469
-0.6532920598983765
0.9517045021057129
0.7706904411315918
1.2846572399139404
-0.8281363248825073
0.49761736392974854
-0.8879077434539795
-1.1113121509552002
-0.606870174407959
-1.2005581855773926
0.5862760543823242
-0.2853126525878906
1.3229446411132812
0.08394777774810791
0.8661465644836426
0.0
-1.3488993644714355
-0.09913909435272217
-0.9435117244720459
1.20381498336792
0.7338151931762695
-0.3020768165588379
0.4788569211959839
-1.3816741704940796
0.28221023082733154
-0.2661677598953247
0.701540470123291
1.0138640403747559
0.003255128860473633
1.2030537128448486
-0.7581092119216919
-0.35997533798217773
0.10530424118041992
0.6239354610443115
0.7076117992401123
-0.45491838455200195
0.0
0.5973334312438965
0.5771322250366211
-0.0661475658416748
1.0968904495239258
-0.14341449737548828
-0.5154293775558472
0.35382235050201416
-0.040862202644348145
1.4166712760925293
-1.4977219104766846
0.8651583194732666
0.6605422496795654
-0.32017385959625244
-0.6367199420928955
-0.16750359535217285
-0.12802541255950928
0.706028938293457
1.452552080154419
-1.0999267101287842
0.9444265365600586
0.0
0.4292786121368408
0.09338057041168213
0.5277907848358154
0.6773443222045898
-0.5510365962982178
0.551123857498169
0.859795331954956
0.5027613639831543
-1.0852214097976685
-1.4994678497314453
-0.5191569328308105
0.914863109588623
-1.150241732597351
1.1144990921020508
0.9469790458679199
0.13793456554412842
1.2866005897521973
-0.39786064624786377
-0.8891383409500122
-0.9445112943649292
0.0
0.32384562492370605
0.568091869354248
-0.6502532958984375
-0.1837989091873169
-0.6420314311981201
1.0823774337768555
-0.4134678840637207
-1.0004847049713135
1.0521345138549805
0.17142856121063232
-1.1717054843902588
0.9037704467773438
-0.13692998886108398
-1.1227716207504272
-0.1368720531463623
-0.6796241998672485
0.47440266609191895
-0.9352927207946777
0.36450469493865967
-0.9254236221313477
0.0
1.3518428802490234
0.6687254905700684
-0.4258171319961548
-1.1807788610458374
-0.01711893081665039
1.063133716583252
-1.1435297727584839
-1.4646928310394287
-1.1029161214828491
-0.976327657699585
1.3032925128936768
0.47155988216400146
-0.5494641065597534
-0.7537611722946167
-0.7004410028457642
0.41593122482299805
-0.8973190784454346
-0.39841747283935547
1.232865810394287
0.0013893842697143555
0.0
-1.3367990255355835
1.455892562866211
-0.7744327783584595
-1.0455325841903687
-0.9170676469802856
0.7669711112976074
0.307283878326416
-0.689850926399231
0.49520623683929443
0.6868505477905273
0.4682525396347046
-1.1381961107254028
0.13407790660858154
0.20946979522705078
0.1844930648803711
1.3471806049346924
-0.006682991981506348
0.9927453994750977
1.415064811706543
0.9680190086364746
0.0
1.0256447792053223
-0.3220052719116211
0.6745226383209229
1.474707841873169
0.0322190523147583
0.9041826725006104
0.6367878913879395
-0.26866042613983154
0.997732400894165
-0.08746397495269775
-0.5975593328475952
-0.6961601972579956
0.1552448272705078
0.7975149154663086
0.13605380058288574
0.07061254978179932
-0.0567852258682251
0.3442668914794922
1.0684428215026855
-0.0975104570388794
0.0
0.44415128231048584
-0.9250835180282593
1.004767656326294
-0.8128337860107422
-1.0945526361465454
-0.7660921812057495
0.27961671352386475
-0.8688819408416748
0.5794677734375
-0.6610804796218872
-1.0508923530578613
-1.271852731704712
0.4711078405380249
0.27176034450531006
-0.3522530794143677
-0.7060443162918091
0.8863828182220459
-0.18044865131378174
-1.0855189561843872
1.058091640472412
0.0
-1.1880526542663574
1.1126503944396973
-1.1759859323501587
-0.3342854976654053
-1.2328033447265625
-0.28663694858551025
0.4822021722793579
0.9170942306518555
-0.6182845830917358
1.1801090240478516
-0.3566547632217407
0.9776210784912109
0.08527100086212158
0.26621317863464355
1.4791111946105957
-0.4831573963165283
1.365349531173706
0.5965576171875
-0.40877044200897217
-1.1193827390670776
0.0
-0.6603147983551025
-1.1817530393600464
1.2182700634002686
0.5669541358947754
-0.9484241008758545
-0.6676129102706909
-0.07379150390625
0.8421828746795654
0.06293463706970215
1.4879674911499023
1.0707111358642578
0.8877997398376465
0.31547677516937256
-0.2491593360900879
-0.2320801019668579
0.7666139602661133
0.9269733428955078
0.12552881240844727
-0.17040109634399414
0.7594578266143799
0.0
-0.18350958824157715
-1.235714077949524
1.2253010272979736
-1.104515790939331
-0.47993195056915283
0.8647806644439697
-0.8789956569671631
0.0971982479095459
-1.4291596412658691
0.6078119277954102
1.3936779499053955
-0.9518805742263794
1.2638697624206543
-0.6621297597885132
-0.9442874193191528
1.427823543548584
1.4043753147125244
0.9262523651123047
0.932565450668335
-1.4132709503173828
0.0
1.2640104293823242
0.443539023399353
-0.9443103075027466
0.5543365478515625
0.7521686553955078
-1.282313346862793
-1.1506587266921997
-0.26039958000183105
-1.2453503608703613
0.9018938541412354
1.2134661674499512
-1.457576036453247
0.29169631004333496
-1.0111641883850098
-1.4282480478286743
1.2367191314697266
-1.0152812004089355
-1.0910485982894897
-1.2934870719909668
0.12199831008911133
0.0
-0.5889805555343628
-0.9838306903839111
-1.451121211051941
-0.8019336462020874
-0.8951504230499268
-0.7282007932662964
0.3341771364212036
1.2146995067596436
0.0549616813659668
1.1057300567626953
0.9266858100891113
-0.6892955303192139
0.43013155460357666
0.7110657691955566
0.050362229347229004
-0.15182018280029297
-1.1437397003173828
-0.6808598041534424
0.9334266185760498
-0.15207302570343018
0.0
0.9411883354187012
1.3041019439697266
-1.3553366661071777
1.2167694568634033
-0.7460693120956421
1.2869832515716553
-1.2415087223052979
-0.3111952543258667
1.2795915603637695
-0.1926952600479126
1.2683053016662598
-0.023140311241149902
-0.04374825954437256
0.6120386123657227
0.6220226287841797
0.06613576412200928
0.07491195201873779
-0.5521974563598633
0.3776811361312866
-0.573528528213501
0.0
1.1967365741729736
-0.7309298515319824
0.5817098617553711
0.40023064613342285
-0.06514155864715576
0.7435789108276367
-0.4926896095275879
0.3832350969314575
-1.4186557531356812
-0.09173047542572021
0.44375932216644287
1.187598705291748
1.3857142925262451
0.7552177906036377
-0.06074237823486328
0.8345775604248047
0.5144455432891846
-0.15748536586761475
1.3004741668701172
0.3769780397415161
0.0
10.0
0.0
